24520,-1.000,-0.700,-0.0008,0.000
24530,-1.000,-0.700,-0.0000,0.000
24540,-1.000,-0.700,-0.0008,0.000
24550,-1.000,-0.700,-0.0040,0.000
24560,-1.000,-0.700,-0.0022,0.000
24570,-1.000,-0.700,-0.0008,0.000
24580,-1.000,-0.700,-0.0008,0.000
24590,-1.000,-0.700,-0.0000,0.000
24600,-1.000,-0.700,-0.0008,0.000
24610,-1.000,-0.700,-0.0015,0.000
24620,-1.000,-0.700,-0.0000,0.000
24630,-1.000,-0.700,-0.0000,0.000
24640,-1.000,-0.700,0.0007,0.000
24650,-1.000,-0.700,-0.0022,0.000
24660,-1.000,-0.700,-0.0004,0.000
24670,-1.000,-0.700,-0.0000,0.000
24680,-1.000,-0.700,-0.0000,0.000
24690,-1.000,-0.700,-0.0004,0.000
24700,-1.000,-0.700,0.0007,0.000
24710,-1.000,-0.700,0.0025,0.000
24720,-1.000,-0.700,0.0007,0.000
24730,-1.000,-0.700,-0.0033,0.000
24740,-1.000,-0.700,-0.0000,0.000
24750,-1.000,-0.700,-0.0008,0.000
24760,-1.000,-0.700,0.0036,0.000
24770,-1.000,-0.700,-0.0022,0.000
24780,-1.000,-0.700,-0.0022,0.000
24790,-1.000,-0.700,-0.0015,0.000
24800,-1.000,-0.700,-0.0019,0.000
24810,-1.000,-0.700,-0.0008,0.000
24820,-1.000,-0.700,0.0058,0.000
24830,-1.000,-0.700,-0.0015,0.000
24840,-1.000,-0.700,0.0021,0.000
24850,-1.000,-0.700,-0.0015,0.000
24860,-1.000,-0.700,-0.0004,0.000
24870,-1.000,-0.700,-0.0015,0.000
24880,-1.000,-0.700,-0.0000,0.000
24890,-1.000,-0.700,0.0109,0.000
24900,-1.000,-0.700,-0.0015,0.000
24910,-1.000,-0.700,-0.0030,0.000
24920,-1.000,-0.700,0.0007,0.000
24930,-1.000,-0.700,-0.0004,0.000
24940,-1.000,-0.700,0.0029,0.000
24950,-1.000,-0.700,-0.0015,0.000
24960,-1.000,-0.700,-0.0037,0.000
24970,-1.000,-0.700,-0.0022,0.000
24980,-1.000,-0.700,-0.0040,0.000
24990,-1.000,-0.700,-0.0022,0.000
25000,-1.000,-0.700,-0.0022,0.000
25010,-1.000,-0.700,-0.0000,0.000
25020,-1.000,-0.700,0.0007,0.000
25030,-1.000,-0.700,-0.0004,0.000
25040,-1.000,-0.700,-0.0040,0.000
25050,-1.000,-0.700,-0.0030,0.000
25060,-1.000,-0.700,-0.0030,0.000
25070,-1.000,-0.700,0.0021,0.000
25080,-1.000,-0.700,-0.0015,0.000
25090,-1.000,-0.700,-0.0022,0.000
25100,-1.000,-0.700,-0.0015,0.000
25110,-1.000,-0.700,0.0007,0.000
25120,-1.000,-0.700,0.0036,0.000
25130,-1.000,-0.700,-0.0011,0.000
25140,-1.000,-0.700,0.0007,0.000
25150,-1.000,-0.700,-0.0092,0.000
25160,-1.000,-0.700,0.0007,0.000
25170,-1.000,-0.700,-0.0011,0.000
25180,-1.000,-0.700,0.0007,0.000
25190,-1.000,-0.700,0.0007,0.000
25200,-1.000,-0.700,-0.0004,0.000
25210,-1.000,-0.700,-0.0015,0.000
25220,-1.000,-0.700,-0.0030,0.000
25230,-1.000,-0.700,-0.0015,0.000
25240,-1.000,-0.700,-0.0008,0.000
25250,-1.000,-0.700,-0.0040,0.000
25260,-1.000,-0.700,-0.0022,0.000
25270,-1.000,-0.700,-0.0015,0.000
25280,-1.000,-0.700,0.0003,0.000
25290,-1.000,-0.700,-0.0022,0.000
25300,-1.000,-0.700,-0.0040,0.000
25310,-1.000,-0.700,-0.0015,0.000
25320,-1.000,-0.700,-0.0008,0.000
25330,-1.000,-0.700,-0.0015,0.000
25340,-1.000,-0.700,-0.0008,0.000
25350,-1.000,-0.700,-0.0004,0.000
25360,-1.000,-0.700,-0.0030,0.000
25370,-1.000,-0.700,-0.0030,0.000
25380,-1.000,-0.700,-0.0000,0.000
25390,-1.000,-0.700,0.0007,0.000
25400,-1.000,-0.700,-0.0000,0.000
25410,-1.000,-0.700,0.0080,0.000
25420,-1.000,-0.700,-0.0015,0.000
25430,-1.000,-0.700,0.0007,0.000
25440,-1.000,-0.700,0.0029,0.000
25450,-1.000,-0.700,-0.0022,0.000
25460,-1.000,-0.700,-0.0037,0.000
25470,-1.000,-0.700,-0.0051,0.000
25480,-1.000,-0.700,-0.0004,0.000
25490,-1.000,-0.700,-0.0000,0.000
25500,-1.000,-0.700,-0.0030,0.000
25510,-1.000,-0.700,-0.0015,0.000
25520,-1.000,-0.700,-0.0022,0.000
25530,-1.000,-0.700,-0.0008,0.000
25540,-1.000,-0.700,-0.0004,0.000
25550,-1.000,-0.700,-0.0000,0.000
25560,-1.000,-0.700,0.0003,0.000
25570,-1.000,-0.700,-0.0051,0.000
25580,-1.000,-0.700,0.0007,0.000
25590,-1.000,-0.700,-0.0037,0.000
25600,-1.000,-0.700,-0.0015,0.000
25610,-1.000,-0.700,0.0018,0.000
25620,-1.000,-0.700,-0.0015,0.000
25630,-1.000,-0.700,-0.0022,0.000
25640,-1.000,-0.700,-0.0051,0.000
25650,-1.000,-0.700,-0.0081,0.000
25660,-1.000,-0.700,-0.0000,0.000
25670,-1.000,-0.700,-0.0004,0.000
25680,-1.000,-0.700,-0.0040,0.000
25690,-1.000,-0.700,-0.0015,0.000
25700,-1.000,-0.700,-0.0019,0.000
25710,-1.000,-0.700,-0.0048,0.000
25720,-1.000,-0.700,-0.0022,0.000
25730,-1.000,-0.700,-0.0015,0.000
25740,-1.000,-0.700,-0.0015,0.000
25750,-1.000,-0.700,0.0007,0.000
25760,-1.000,-0.700,-0.0015,0.000
25770,-1.000,-0.700,-0.0000,0.000
25780,-1.000,-0.700,-0.0004,0.000
25790,-1.000,-0.700,-0.0022,0.000
25800,-1.000,-0.700,0.0014,0.000
25810,-1.000,-0.700,-0.0037,0.000
25820,-1.000,-0.700,-0.0051,0.000
25830,-1.000,-0.700,0.0007,0.000
25840,-1.000,-0.700,0.0007,0.000
25850,-1.000,-0.700,-0.0015,0.000
25860,-1.000,-0.700,-0.0008,0.000
25870,-1.000,-0.700,-0.0030,0.000
25880,-1.000,-0.700,-0.0022,0.000
25890,-1.000,-0.700,-0.0015,0.000
25900,-1.000,-0.700,-0.0059,0.000
25910,-1.000,-0.700,-0.0000,0.000
25920,-1.000,-0.700,-0.0000,0.000
25930,-1.000,-0.700,-0.0022,0.000
25940,-1.000,-0.700,-0.0022,0.000
25950,-1.000,-0.700,-0.0000,0.000
25960,-1.000,-0.700,-0.0015,0.000
25970,-1.000,-0.700,-0.0030,0.000
25980,-1.000,-0.700,-0.0004,0.000
25990,-1.000,-0.700,-0.0000,0.000
26000,-1.000,-0.700,-0.0044,0.000
26010,-1.000,-0.700,-0.0030,0.000
26020,-1.000,-0.700,-0.0030,0.000
26030,-1.000,-0.700,-0.0022,0.000
26040,-1.000,-0.700,0.0014,0.000
26050,-1.000,-0.700,-0.0015,0.000
26060,-1.000,-0.700,-0.0030,0.000
26070,-1.000,-0.700,-0.0008,0.000
26080,-1.000,-0.700,-0.0030,0.000
26090,-1.000,-0.700,-0.0000,0.000
26100,-1.000,-0.700,-0.0022,0.000
26110,-1.000,-0.700,-0.0004,0.000
26120,-1.000,-0.700,-0.0000,0.000
# start kp=-3.50 ref_amp=1.00 ref_sat=0.70 dt_ms=1 stream_ms=10
26133,-1.000,-0.700,-0.0073,2.701
26143,-1.000,-0.700,-0.0256,2.638
26153,-1.000,-0.700,-0.0547,2.535
26163,-1.000,-0.700,-0.0839,2.433
26173,-1.000,-0.700,-0.1167,2.319
26183,-1.000,-0.700,-0.1517,2.196
26193,-1.000,-0.700,-0.1889,2.066
26203,-1.000,-0.700,-0.2202,1.956
26213,-1.000,-0.700,-0.2567,1.829
26223,-1.000,-0.700,-0.2924,1.704
26233,-1.000,-0.700,-0.3223,1.599
26243,-1.000,-0.700,-0.3514,1.497
26253,-1.000,-0.700,-0.3784,1.403
26263,-1.000,-0.700,-0.3999,1.327
26273,-1.000,-0.700,-0.4309,1.219
26283,-1.000,-0.700,-0.4513,1.147
26293,-1.000,-0.700,-0.4681,1.089
26303,-1.000,-0.700,-0.4892,1.015
26313,-1.000,-0.700,-0.5096,0.943
26323,-1.000,-0.700,-0.5264,0.885
26333,-1.000,-0.700,-0.5454,0.818
26343,-1.000,-0.700,-0.5563,0.780
26353,-1.000,-0.700,-0.5680,0.739
26363,-1.000,-0.700,-0.5807,0.694
26373,-1.000,-0.700,-0.6015,0.622
26383,-1.000,-0.700,-0.6000,0.627
26393,-1.000,-0.700,-0.6139,0.578
26403,-1.000,-0.700,-0.6263,0.535
26413,-1.000,-0.700,-0.6350,0.504
26423,-1.000,-0.700,-0.6387,0.492
26433,-1.000,-0.700,-0.6467,0.464
26443,-1.000,-0.700,-0.6533,0.441
26453,-1.000,-0.700,-0.6613,0.413
26463,-1.000,-0.700,-0.6678,0.390
26473,-1.000,-0.700,-0.6769,0.358
26483,-1.000,-0.700,-0.6795,0.349
26493,-1.000,-0.700,-0.6828,0.337
26503,-1.000,-0.700,-0.6882,0.318
26513,-1.000,-0.700,-0.6955,0.293
26523,-1.000,-0.700,-0.6934,0.300
26533,-1.000,-0.700,-0.6977,0.285
26543,-1.000,-0.700,-0.6992,0.280
26553,-1.000,-0.700,-0.7006,-0.261
26563,-1.000,-0.700,-0.7014,-0.264
26573,-1.000,-0.700,-0.7021,-0.266
26583,-1.000,-0.700,-0.7021,-0.266
26593,-1.000,-0.700,-0.6999,0.277
26603,-1.000,-0.700,-0.7021,-0.266
26613,-1.000,-0.700,-0.7021,-0.266
26623,-1.000,-0.700,-0.6992,0.280
26633,-1.000,-0.700,-0.7003,-0.260
26643,-1.000,-0.700,-0.6974,0.286
26653,-1.000,-0.700,-0.7028,-0.269
26663,-1.000,-0.700,-0.7021,-0.266
26673,-1.000,-0.700,-0.6999,0.277
26683,-1.000,-0.700,-0.7028,-0.269
26693,-1.000,-0.700,-0.7028,-0.269
26703,-1.000,-0.700,-0.7003,-0.260
26713,-1.000,-0.700,-0.7028,-0.269
26723,-1.000,-0.700,-0.6992,0.280
26733,-1.000,-0.700,-0.6970,0.288
26743,-1.000,-0.700,-0.6992,0.280
26753,-1.000,-0.700,-0.7014,-0.264
26763,-1.000,-0.700,-0.6999,0.277
26773,-1.000,-0.700,-0.6999,0.277
26783,-1.000,-0.700,-0.6999,0.277
26793,-1.000,-0.700,-0.6999,0.277
26803,-1.000,-0.700,-0.7021,-0.266
26813,-1.000,-0.700,-0.6970,0.288
26823,-1.000,-0.700,-0.6992,0.280
26833,-1.000,-0.700,-0.6985,0.282
26843,-1.000,-0.700,-0.6999,0.277
26853,-1.000,-0.700,-0.7006,-0.261
26863,-1.000,-0.700,-0.6999,0.277
26873,-1.000,-0.700,-0.7003,-0.260
26883,-1.000,-0.700,-0.6999,0.277
26893,-1.000,-0.700,-0.6941,0.298
26903,-1.000,-0.700,-0.7028,-0.269
26913,-1.000,-0.700,-0.7014,-0.264
26923,-1.000,-0.700,-0.6963,0.290
26933,-1.000,-0.700,-0.7036,-0.271
26943,-1.000,-0.700,-0.7014,-0.264
26953,-1.000,-0.700,-0.6985,0.282
26963,-1.000,-0.700,-0.6999,0.277
26973,-1.000,-0.700,-0.7050,-0.277
26983,-1.000,-0.700,-0.7006,-0.261
26993,-1.000,-0.700,-0.7032,-0.270
27003,-1.000,-0.700,-0.6985,0.282
27013,-1.000,-0.700,-0.7021,-0.266
27023,-1.000,-0.700,-0.6992,0.280
27033,-1.000,-0.700,-0.7014,-0.264
27043,-1.000,-0.700,-0.6941,0.298
27053,-1.000,-0.700,-0.7003,-0.260
27063,-1.000,-0.700,-0.7014,-0.264
27073,-1.000,-0.700,-0.6999,0.277
27083,-1.000,-0.700,-0.6985,0.282
27093,-1.000,-0.700,-0.6999,0.277
27103,-1.000,-0.700,-0.6999,0.277
27113,-1.000,-0.700,-0.7014,-0.264
27123,-1.000,-0.700,-0.7021,-0.266
27133,-1.000,-0.700,-0.7021,-0.266
27143,-1.000,-0.700,-0.6992,0.280
27153,-1.000,-0.700,-0.7003,-0.260
27163,-1.000,-0.700,-0.7050,-0.277
27173,-1.000,-0.700,-0.6999,0.277
27183,-1.000,-0.700,-0.7006,-0.261
27193,-1.000,-0.700,-0.6970,0.288
27203,-1.000,-0.700,-0.7028,-0.269
27213,-1.000,-0.700,-0.6999,0.277
27223,-1.000,-0.700,-0.6941,0.298
27233,-1.000,-0.700,-0.7014,-0.264
27243,-1.000,-0.700,-0.7014,-0.264
27253,-1.000,-0.700,-0.7021,-0.266
27263,-1.000,-0.700,-0.6999,0.277
27273,-1.000,-0.700,-0.6974,0.286
27283,-1.000,-0.700,-0.6999,0.277
27293,-1.000,-0.700,-0.7021,-0.266
27303,-1.000,-0.700,-0.6999,0.277
27313,-1.000,-0.700,-0.7021,-0.266
27323,-1.000,-0.700,-0.7014,-0.264
27333,-1.000,-0.700,-0.6992,0.280
27343,-1.000,-0.700,-0.6999,0.277
27353,-1.000,-0.700,-0.6999,0.277
27363,-1.000,-0.700,-0.6948,0.295
27373,-1.000,-0.700,-0.6941,0.298
27383,-1.000,-0.700,-0.6974,0.286
27393,-1.000,-0.700,-0.7032,-0.270
27403,-1.000,-0.700,-0.7021,-0.266
27413,-1.000,-0.700,-0.7021,-0.266
27423,-1.000,-0.700,-0.7043,-0.274
27433,-1.000,-0.700,-0.7039,-0.273
27443,-1.000,-0.700,-0.7043,-0.274
27453,-1.000,-0.700,-0.7028,-0.269
27463,-1.000,-0.700,-0.7014,-0.264
27473,-1.000,-0.700,-0.7014,-0.264
27483,-1.000,-0.700,-0.7021,-0.266
27493,-1.000,-0.700,-0.6992,0.280
27503,-1.000,-0.700,-0.7028,-0.269
27513,-1.000,-0.700,-0.6999,0.277
27523,-1.000,-0.700,-0.6999,0.277
27533,-1.000,-0.700,-0.7014,-0.264
27543,-1.000,-0.700,-0.7014,-0.264
27553,-1.000,-0.700,-0.7014,-0.264
27563,-1.000,-0.700,-0.7050,-0.277
27573,-1.000,-0.700,-0.6999,0.277
27583,-1.000,-0.700,-0.7003,-0.260
27593,-1.000,-0.700,-0.6941,0.298
27603,-1.000,-0.700,-0.6977,0.285
27613,-1.000,-0.700,-0.7003,-0.260
27623,-1.000,-0.700,-0.6999,0.277
27633,-1.000,-0.700,-0.7014,-0.264
27643,-1.000,-0.700,-0.7010,-0.263
27653,-1.000,-0.700,-0.7003,-0.260
27663,-1.000,-0.700,-0.7014,-0.264
27673,-1.000,-0.700,-0.6992,0.280
27683,-1.000,-0.700,-0.6999,0.277
27693,-1.000,-0.700,-0.7028,-0.269
27703,-1.000,-0.700,-0.7021,-0.266
27713,-1.000,-0.700,-0.7014,-0.264
27723,-1.000,-0.700,-0.6985,0.282
27733,-1.000,-0.700,-0.7003,-0.260
27743,-1.000,-0.700,-0.7003,-0.260
27753,-1.000,-0.700,-0.6992,0.280
27763,-1.000,-0.700,-0.7028,-0.269
27773,-1.000,-0.700,-0.6992,0.280
27783,-1.000,-0.700,-0.6904,0.310
27793,-1.000,-0.700,-0.6912,0.308
27803,-1.000,-0.700,-0.7014,-0.264
27813,-1.000,-0.700,-0.7032,-0.270
27823,-1.000,-0.700,-0.6999,0.277
27833,-1.000,-0.700,-0.7021,-0.266
27843,-1.000,-0.700,-0.6999,0.277
27853,-1.000,-0.700,-0.7021,-0.266
27863,-1.000,-0.700,-0.7006,-0.261
27873,-1.000,-0.700,-0.7014,-0.264
27883,-1.000,-0.700,-0.7003,-0.260
27893,-1.000,-0.700,-0.7014,-0.264
27903,-1.000,-0.700,-0.7003,-0.260
27913,-1.000,-0.700,-0.6999,0.277
27923,-1.000,-0.700,-0.7010,-0.263
27933,-1.000,-0.700,-0.7006,-0.261
27943,-1.000,-0.700,-0.7028,-0.269
27953,-1.000,-0.700,-0.7003,-0.260
27963,-1.000,-0.700,-0.6992,0.280
27973,-1.000,-0.700,-0.6999,0.277
27983,-1.000,-0.700,-0.6944,0.296
27993,-1.000,-0.700,-0.7057,-0.279
28003,-1.000,-0.700,-0.6992,0.280
28013,-1.000,-0.700,-0.6999,0.277
28023,-1.000,-0.700,-0.6992,0.280
28033,-1.000,-0.700,-0.7021,-0.266
28043,-1.000,-0.700,-0.7108,-0.297
28053,-1.000,-0.700,-0.6970,0.288
28063,-1.000,-0.700,-0.6992,0.280
28073,-1.000,-0.700,-0.6999,0.277
28083,-1.000,-0.700,-0.6999,0.277
28093,-1.000,-0.700,-0.6992,0.280
28103,-1.000,-0.700,-0.6992,0.280
28113,-1.000,-0.700,-0.6999,0.277
28123,1.000,0.700,-0.6999,-5.159
28133,1.000,0.700,-0.6846,-5.105
28143,1.000,0.700,-0.6460,-4.970
28153,1.000,0.700,-0.5855,-4.758
28163,1.000,0.700,-0.5213,-4.534
28173,1.000,0.700,-0.4484,-4.278
28183,1.000,0.700,-0.3762,-4.026
28193,1.000,0.700,-0.3026,-3.768
28203,1.000,0.700,-0.2384,-3.544
28213,1.000,0.700,-0.1626,-3.278
28223,1.000,0.700,-0.1094,-3.092
28233,1.000,0.700,-0.0569,-2.908
28243,1.000,0.700,0.0021,-2.701
28253,1.000,0.700,0.0521,-2.527
28263,1.000,0.700,0.0969,-2.370
28273,1.000,0.700,0.1436,-2.206
28283,1.000,0.700,0.1829,-2.069
28293,1.000,0.700,0.2223,-1.931
28303,1.000,0.700,0.2653,-1.780
28313,1.000,0.700,0.2945,-1.678
28323,1.000,0.700,0.3280,-1.561
28333,1.000,0.700,0.3554,-1.465
28343,1.000,0.700,0.3820,-1.372
28353,1.000,0.700,0.4082,-1.280
28363,1.000,0.700,0.4286,-1.209
28373,1.000,0.700,0.4549,-1.117
28383,1.000,0.700,0.4622,-1.091
28393,1.000,0.700,0.4939,-0.980
28403,1.000,0.700,0.5081,-0.931
28413,1.000,0.700,0.5296,-0.855
28423,1.000,0.700,0.5431,-0.808
28433,1.000,0.700,0.5555,-0.765
28443,1.000,0.700,0.5704,-0.712
28453,1.000,0.700,0.5846,-0.663
28463,1.000,0.700,0.5945,-0.628
28473,1.000,0.700,0.6062,-0.587
28483,1.000,0.700,0.6153,-0.556
28493,1.000,0.700,0.6251,-0.521
28503,1.000,0.700,0.6379,-0.476
28513,1.000,0.700,0.6328,-0.494
28523,1.000,0.700,0.6473,-0.443
28533,1.000,0.700,0.6492,-0.437
28543,1.000,0.700,0.6586,-0.404
28553,1.000,0.700,0.6656,-0.380
28563,1.000,0.700,0.6692,-0.367
28573,1.000,0.700,0.6703,-0.363
28583,1.000,0.700,0.6863,-0.307
28593,1.000,0.700,0.6699,-0.364
28603,1.000,0.700,0.6871,-0.304
28613,1.000,0.700,0.6911,-0.290
28623,1.000,0.700,0.6940,-0.280
28633,1.000,0.700,0.6969,-0.270
28643,1.000,0.700,0.7013,0.282
28653,1.000,0.700,0.7006,0.279
28663,1.000,0.700,0.7006,0.279
28673,1.000,0.700,0.7013,0.282
28683,1.000,0.700,0.7020,0.284
28693,1.000,0.700,0.7006,0.279
28703,1.000,0.700,0.7017,0.283
28713,1.000,0.700,0.7006,0.279
28723,1.000,0.700,0.7053,0.296
28733,1.000,0.700,0.7086,0.307
28743,1.000,0.700,0.7013,0.282
28753,1.000,0.700,0.7006,0.279
28763,1.000,0.700,0.7009,0.280
28773,1.000,0.700,0.7006,0.279
28783,1.000,0.700,0.6984,-0.265
28793,1.000,0.700,0.6991,-0.262
28803,1.000,0.700,0.7024,0.285
28813,1.000,0.700,0.6976,-0.267
28823,1.000,0.700,0.7006,0.279
28833,1.000,0.700,0.7002,0.278
28843,1.000,0.700,0.7017,0.283
28853,1.000,0.700,0.7002,0.278
28863,1.000,0.700,0.6987,-0.263
28873,1.000,0.700,0.7024,0.285
28883,1.000,0.700,0.6995,-0.261
28893,1.000,0.700,0.7013,0.282
28903,1.000,0.700,0.6987,-0.263
28913,1.000,0.700,0.7002,0.278
28923,1.000,0.700,0.6987,-0.263
28933,1.000,0.700,0.6969,-0.270
28943,1.000,0.700,0.7024,0.285
28953,1.000,0.700,0.7009,0.280
28963,1.000,0.700,0.6987,-0.263
28973,1.000,0.700,0.6987,-0.263
28983,1.000,0.700,0.6991,-0.262
28993,1.000,0.700,0.6940,-0.280
29003,1.000,0.700,0.6973,-0.269
29013,1.000,0.700,0.6991,-0.262
29023,1.000,0.700,0.6998,-0.260
29033,1.000,0.700,0.7006,0.279
29043,1.000,0.700,0.7006,0.279
29053,1.000,0.700,0.6958,-0.274
29063,1.000,0.700,0.7002,0.278
29073,1.000,0.700,0.7042,0.292
29083,1.000,0.700,0.6925,-0.285
29093,1.000,0.700,0.6987,-0.263
29103,1.000,0.700,0.7017,0.283
29113,1.000,0.700,0.6987,-0.263
29123,1.000,0.700,0.7068,0.301
29133,1.000,0.700,0.7013,0.282
29143,1.000,0.700,0.7006,0.279
29153,1.000,0.700,0.7013,0.282
29163,1.000,0.700,0.6951,-0.276
29173,1.000,0.700,0.6984,-0.265
29183,1.000,0.700,0.6958,-0.274
29193,1.000,0.700,0.7002,0.278
29203,1.000,0.700,0.6962,-0.272
29213,1.000,0.700,0.6991,-0.262
29223,1.000,0.700,0.7100,0.312
29233,1.000,0.700,0.6936,-0.281
29243,1.000,0.700,0.6995,-0.261
29253,1.000,0.700,0.6995,-0.261
29263,1.000,0.700,0.6973,-0.269
29273,1.000,0.700,0.7006,0.279
29283,1.000,0.700,0.7002,0.278
29293,1.000,0.700,0.7017,0.283
29303,1.000,0.700,0.6991,-0.262
29313,1.000,0.700,0.6987,-0.263
29323,1.000,0.700,0.7002,0.278
29333,1.000,0.700,0.7006,0.279
29343,1.000,0.700,0.7024,0.285
29353,1.000,0.700,0.7042,0.292
29363,1.000,0.700,0.7020,0.284
29373,1.000,0.700,0.7024,0.285
29383,1.000,0.700,0.6984,-0.265
29393,1.000,0.700,0.7002,0.278
29403,1.000,0.700,0.6940,-0.280
29413,1.000,0.700,0.6984,-0.265
29423,1.000,0.700,0.7006,0.279
29433,1.000,0.700,0.6995,-0.261
29443,1.000,0.700,0.6958,-0.274
29453,1.000,0.700,0.7028,0.287
29463,1.000,0.700,0.6998,-0.260
29473,1.000,0.700,0.7042,0.292
29483,1.000,0.700,0.6998,-0.260
29493,1.000,0.700,0.7006,0.279
29503,1.000,0.700,0.6998,-0.260
29513,1.000,0.700,0.6987,-0.263
29523,1.000,0.700,0.7079,0.304
29533,1.000,0.700,0.7006,0.279
29543,1.000,0.700,0.7006,0.279
29553,1.000,0.700,0.6984,-0.265
29563,1.000,0.700,0.7017,0.283
29573,1.000,0.700,0.7002,0.278
29583,1.000,0.700,0.6995,-0.261
29593,1.000,0.700,0.7006,0.279
29603,1.000,0.700,0.7020,0.284
29613,1.000,0.700,0.6995,-0.261
29623,1.000,0.700,0.6973,-0.269
29633,1.000,0.700,0.6998,-0.260
29643,1.000,0.700,0.6998,-0.260
29653,1.000,0.700,0.6995,-0.261
29663,1.000,0.700,0.7024,0.285
29673,1.000,0.700,0.7017,0.283
29683,1.000,0.700,0.6991,-0.262
29693,1.000,0.700,0.7002,0.278
29703,1.000,0.700,0.6871,-0.304
29713,1.000,0.700,0.6973,-0.269
29723,1.000,0.700,0.6995,-0.261
29733,1.000,0.700,0.7006,0.279
29743,1.000,0.700,0.6973,-0.269
29753,1.000,0.700,0.7057,0.297
29763,1.000,0.700,0.6966,-0.271
29773,1.000,0.700,0.6853,-0.311
29783,1.000,0.700,0.6984,-0.265
29793,1.000,0.700,0.6995,-0.261
29803,1.000,0.700,0.6998,-0.260
29813,1.000,0.700,0.6987,-0.263
29823,1.000,0.700,0.6944,-0.279
29833,1.000,0.700,0.6987,-0.263
29843,1.000,0.700,0.7009,0.280
29853,1.000,0.700,0.6973,-0.269
29863,1.000,0.700,0.7002,0.278
29873,1.000,0.700,0.7006,0.279
29883,1.000,0.700,0.6991,-0.262
29893,1.000,0.700,0.7232,0.358
29903,1.000,0.700,0.7002,0.278
29913,1.000,0.700,0.7013,0.282
29923,1.000,0.700,0.6991,-0.262
29933,1.000,0.700,0.7068,0.301
29943,1.000,0.700,0.6998,-0.260
29953,1.000,0.700,0.6976,-0.267
29963,1.000,0.700,0.6976,-0.267
29973,1.000,0.700,0.6987,-0.263
29983,1.000,0.700,0.6984,-0.265
29993,1.000,0.700,0.6991,-0.262
30003,1.000,0.700,0.6991,-0.262
30013,1.000,0.700,0.6893,-0.297
30023,1.000,0.700,0.6998,-0.260
30033,1.000,0.700,0.7020,0.284
30043,1.000,0.700,0.6980,-0.266
30053,1.000,0.700,0.7024,0.285
30063,1.000,0.700,0.6991,-0.262
30073,1.000,0.700,0.7006,0.279
30083,1.000,0.700,0.7075,0.303
30093,1.000,0.700,0.7013,0.282
30103,1.000,0.700,0.7006,0.279
30113,1.000,0.700,0.6984,-0.265
30123,-1.000,-0.700,0.6987,5.173
30133,-1.000,-0.700,0.6849,5.124
30143,-1.000,-0.700,0.6411,4.971
30153,-1.000,-0.700,0.5839,4.771
30163,-1.000,-0.700,0.5121,4.519
30173,-1.000,-0.700,0.4407,4.269
30183,-1.000,-0.700,0.3740,4.036
30193,-1.000,-0.700,0.2985,3.772
30203,-1.000,-0.700,0.2165,3.485
30213,-1.000,-0.700,0.1611,3.291
30223,-1.000,-0.700,0.0900,3.042
30233,-1.000,-0.700,0.0247,2.814
30243,-1.000,-0.700,-0.0256,2.638
30253,-1.000,-0.700,-0.0744,2.467
30263,-1.000,-0.700,-0.1269,2.283
30273,-1.000,-0.700,-0.1695,2.134
30283,-1.000,-0.700,-0.2144,1.977
30293,-1.000,-0.700,-0.2537,1.839
30303,-1.000,-0.700,-0.2880,1.719
30313,-1.000,-0.700,-0.3223,1.599
30323,-1.000,-0.700,-0.3514,1.497
30333,-1.000,-0.700,-0.3835,1.385
30343,-1.000,-0.700,-0.4076,1.301
30353,-1.000,-0.700,-0.4302,1.221
30363,-1.000,-0.700,-0.4513,1.147
30373,-1.000,-0.700,-0.4746,1.066
30383,-1.000,-0.700,-0.4914,1.007
30393,-1.000,-0.700,-0.5136,0.929
30403,-1.000,-0.700,-0.5315,0.867
30413,-1.000,-0.700,-0.5468,0.813
30423,-1.000,-0.700,-0.5585,0.772
30433,-1.000,-0.700,-0.5774,0.706
30443,-1.000,-0.700,-0.5884,0.668
30453,-1.000,-0.700,-0.5993,0.629
30463,-1.000,-0.700,-0.6175,0.566
30473,-1.000,-0.700,-0.6168,0.568
30483,-1.000,-0.700,-0.6292,0.525
30493,-1.000,-0.700,-0.6358,0.502
30503,-1.000,-0.700,-0.6438,0.474
30513,-1.000,-0.700,-0.6533,0.441
30523,-1.000,-0.700,-0.6591,0.420
30533,-1.000,-0.700,-0.6678,0.390
30543,-1.000,-0.700,-0.6700,0.382
30553,-1.000,-0.700,-0.6780,0.354
30563,-1.000,-0.700,-0.6828,0.337
30573,-1.000,-0.700,-0.6839,0.333
30583,-1.000,-0.700,-0.6904,0.310
30593,-1.000,-0.700,-0.6934,0.300
30603,-1.000,-0.700,-0.6963,0.290
30613,-1.000,-0.700,-0.6992,0.280
30623,-1.000,-0.700,-0.7014,-0.264
30633,-1.000,-0.700,-0.6999,0.277
30643,-1.000,-0.700,-0.6992,0.280
30653,-1.000,-0.700,-0.7032,-0.270
30663,-1.000,-0.700,-0.7036,-0.271
30673,-1.000,-0.700,-0.7006,-0.261
30683,-1.000,-0.700,-0.7014,-0.264
30693,-1.000,-0.700,-0.7014,-0.264
30703,-1.000,-0.700,-0.6999,0.277
30713,-1.000,-0.700,-0.6992,0.280
30723,-1.000,-0.700,-0.6963,0.290
30733,-1.000,-0.700,-0.6985,0.282
30743,-1.000,-0.700,-0.6992,0.280
30753,-1.000,-0.700,-0.6992,0.280
30763,-1.000,-0.700,-0.7167,-0.317
30773,-1.000,-0.700,-0.7021,-0.266
30783,-1.000,-0.700,-0.7003,-0.260
30793,-1.000,-0.700,-0.7021,-0.266
30803,-1.000,-0.700,-0.7021,-0.266
30813,-1.000,-0.700,-0.6992,0.280
30823,-1.000,-0.700,-0.6999,0.277
30833,-1.000,-0.700,-0.6963,0.290
30843,-1.000,-0.700,-0.7003,-0.260
30853,-1.000,-0.700,-0.7138,-0.307
30863,-1.000,-0.700,-0.6970,0.288
30873,-1.000,-0.700,-0.6999,0.277
30883,-1.000,-0.700,-0.7010,-0.263
30893,-1.000,-0.700,-0.6985,0.282
30903,-1.000,-0.700,-0.7003,-0.260
30913,-1.000,-0.700,-0.7014,-0.264
30923,-1.000,-0.700,-0.6974,0.286
30933,-1.000,-0.700,-0.7003,-0.260
30943,-1.000,-0.700,-0.7003,-0.260
30953,-1.000,-0.700,-0.7014,-0.264
30963,-1.000,-0.700,-0.6999,0.277
30973,-1.000,-0.700,-0.6992,0.280
30983,-1.000,-0.700,-0.6941,0.298
30993,-1.000,-0.700,-0.7003,-0.260
31003,-1.000,-0.700,-0.7021,-0.266
31013,-1.000,-0.700,-0.6995,0.279
31023,-1.000,-0.700,-0.7021,-0.266
31033,-1.000,-0.700,-0.7014,-0.264
31043,-1.000,-0.700,-0.6985,0.282
31053,-1.000,-0.700,-0.6963,0.290
31063,-1.000,-0.700,-0.7021,-0.266
31073,-1.000,-0.700,-0.6992,0.280
31083,-1.000,-0.700,-0.7006,-0.261
31093,-1.000,-0.700,-0.6944,0.296
31103,-1.000,-0.700,-0.7003,-0.260
31113,-1.000,-0.700,-0.6970,0.288
31123,-1.000,-0.700,-0.6999,0.277
31133,-1.000,-0.700,-0.7057,-0.279
31143,-1.000,-0.700,-0.6977,0.285
31153,-1.000,-0.700,-0.6999,0.277
31163,-1.000,-0.700,-0.7119,-0.301
31173,-1.000,-0.700,-0.6992,0.280
31183,-1.000,-0.700,-0.6985,0.282
31193,-1.000,-0.700,-0.7021,-0.266
31203,-1.000,-0.700,-0.7006,-0.261
31213,-1.000,-0.700,-0.7050,-0.277
31223,-1.000,-0.700,-0.7014,-0.264
31233,-1.000,-0.700,-0.6992,0.280
31243,-1.000,-0.700,-0.6992,0.280
31253,-1.000,-0.700,-0.7006,-0.261
31263,-1.000,-0.700,-0.7028,-0.269
31273,-1.000,-0.700,-0.6992,0.280
31283,-1.000,-0.700,-0.7014,-0.264
31293,-1.000,-0.700,-0.7028,-0.269
31303,-1.000,-0.700,-0.6999,0.277
31313,-1.000,-0.700,-0.6992,0.280
31323,-1.000,-0.700,-0.6977,0.285
31333,-1.000,-0.700,-0.7028,-0.269
31343,-1.000,-0.700,-0.6970,0.288
31353,-1.000,-0.700,-0.7014,-0.264
31363,-1.000,-0.700,-0.6999,0.277
31373,-1.000,-0.700,-0.6999,0.277
31383,-1.000,-0.700,-0.7006,-0.261
31393,-1.000,-0.700,-0.7003,-0.260
31403,-1.000,-0.700,-0.6999,0.277
31413,-1.000,-0.700,-0.6992,0.280
31423,-1.000,-0.700,-0.7003,-0.260
31433,-1.000,-0.700,-0.7003,-0.260
31443,-1.000,-0.700,-0.7014,-0.264
31453,-1.000,-0.700,-0.7021,-0.266
31463,-1.000,-0.700,-0.7028,-0.269
31473,-1.000,-0.700,-0.6970,0.288
31483,-1.000,-0.700,-0.6985,0.282
31493,-1.000,-0.700,-0.7021,-0.266
31503,-1.000,-0.700,-0.7021,-0.266
31513,-1.000,-0.700,-0.6985,0.282
31523,-1.000,-0.700,-0.6926,0.303
31533,-1.000,-0.700,-0.7003,-0.260
31543,-1.000,-0.700,-0.6992,0.280
31553,-1.000,-0.700,-0.6985,0.282
31563,-1.000,-0.700,-0.6985,0.282
31573,-1.000,-0.700,-0.7028,-0.269
31583,-1.000,-0.700,-0.7079,-0.287
31593,-1.000,-0.700,-0.7050,-0.277
31603,-1.000,-0.700,-0.6999,0.277
31613,-1.000,-0.700,-0.6999,0.277
31623,-1.000,-0.700,-0.6992,0.280
31633,-1.000,-0.700,-0.6992,0.280
31643,-1.000,-0.700,-0.6974,0.286
31653,-1.000,-0.700,-0.6999,0.277
31663,-1.000,-0.700,-0.7061,-0.280
31673,-1.000,-0.700,-0.7061,-0.280
31683,-1.000,-0.700,-0.6985,0.282
31693,-1.000,-0.700,-0.6992,0.280
31703,-1.000,-0.700,-0.7057,-0.279
31713,-1.000,-0.700,-0.7021,-0.266
31723,-1.000,-0.700,-0.7006,-0.261
31733,-1.000,-0.700,-0.7003,-0.260
31743,-1.000,-0.700,-0.6999,0.277
31753,-1.000,-0.700,-0.6985,0.282
31763,-1.000,-0.700,-0.7028,-0.269
31773,-1.000,-0.700,-0.7003,-0.260
31783,-1.000,-0.700,-0.6999,0.277
31793,-1.000,-0.700,-0.6999,0.277
31803,-1.000,-0.700,-0.7003,-0.260
31813,-1.000,-0.700,-0.7014,-0.264
31823,-1.000,-0.700,-0.7050,-0.277
31833,-1.000,-0.700,-0.6999,0.277
31843,-1.000,-0.700,-0.7006,-0.261
31853,-1.000,-0.700,-0.6992,0.280
31863,-1.000,-0.700,-0.6999,0.277
31873,-1.000,-0.700,-0.6970,0.288
31883,-1.000,-0.700,-0.7006,-0.261
31893,-1.000,-0.700,-0.7003,-0.260
31903,-1.000,-0.700,-0.6999,0.277
31913,-1.000,-0.700,-0.6955,0.293
31923,-1.000,-0.700,-0.6999,0.277
31933,-1.000,-0.700,-0.6970,0.288
31943,-1.000,-0.700,-0.7014,-0.264
31953,-1.000,-0.700,-0.7006,-0.261
31963,-1.000,-0.700,-0.7017,-0.265
31973,-1.000,-0.700,-0.7021,-0.266
31983,-1.000,-0.700,-0.7043,-0.274
31993,-1.000,-0.700,-0.6999,0.277
32003,-1.000,-0.700,-0.7079,-0.287
32013,-1.000,-0.700,-0.6992,0.280
32023,-1.000,-0.700,-0.6970,0.288
32033,-1.000,-0.700,-0.6992,0.280
32043,-1.000,-0.700,-0.6974,0.286
32053,-1.000,-0.700,-0.6944,0.296
32063,-1.000,-0.700,-0.7014,-0.264
32073,-1.000,-0.700,-0.7006,-0.261
32083,-1.000,-0.700,-0.7072,-0.284
32093,-1.000,-0.700,-0.7014,-0.264
32103,-1.000,-0.700,-0.7014,-0.264
32113,-1.000,-0.700,-0.6992,0.280
32123,1.000,0.700,-0.6974,-5.150
32133,1.000,0.700,-0.6853,-5.108
32143,1.000,0.700,-0.6452,-4.967
32153,1.000,0.700,-0.5884,-4.768
32163,1.000,0.700,-0.5213,-4.534
32173,1.000,0.700,-0.4491,-4.281
32183,1.000,0.700,-0.3777,-4.031
32193,1.000,0.700,-0.3121,-3.801
32203,1.000,0.700,-0.2421,-3.556
32213,1.000,0.700,-0.1663,-3.291
32223,1.000,0.700,-0.1072,-3.084
32233,1.000,0.700,-0.0547,-2.901
32243,1.000,0.700,0.0036,-2.696
32253,1.000,0.700,0.0481,-2.541
32263,1.000,0.700,0.1006,-2.357
32273,1.000,0.700,0.1414,-2.214
32283,1.000,0.700,0.1833,-2.067
32293,1.000,0.700,0.2216,-1.933
32303,1.000,0.700,0.2566,-1.811
32313,1.000,0.700,0.2981,-1.666
32323,1.000,0.700,0.3273,-1.563
32333,1.000,0.700,0.3419,-1.512
32343,1.000,0.700,0.3856,-1.359
32353,1.000,0.700,0.4089,-1.278
32363,1.000,0.700,0.4326,-1.195
32373,1.000,0.700,0.4552,-1.116
32383,1.000,0.700,0.4753,-1.045
32393,1.000,0.700,0.4950,-0.977
32403,1.000,0.700,0.5128,-0.914
32413,1.000,0.700,0.5285,-0.859
32423,1.000,0.700,0.5438,-0.806
32433,1.000,0.700,0.5573,-0.758
32443,1.000,0.700,0.5701,-0.714
32453,1.000,0.700,0.5810,-0.675
32463,1.000,0.700,0.5938,-0.631
32473,1.000,0.700,0.6043,-0.594
32483,1.000,0.700,0.6145,-0.558
32493,1.000,0.700,0.6244,-0.524
32503,1.000,0.700,0.6328,-0.494
32513,1.000,0.700,0.6419,-0.462
32523,1.000,0.700,0.6565,-0.411
32533,1.000,0.700,0.6554,-0.415
32543,1.000,0.700,0.6590,-0.402
32553,1.000,0.700,0.6674,-0.373
32563,1.000,0.700,0.6689,-0.368
32573,1.000,0.700,0.6747,-0.348
32583,1.000,0.700,0.6761,-0.343
32593,1.000,0.700,0.6812,-0.325
32603,1.000,0.700,0.6860,-0.308
32613,1.000,0.700,0.6896,-0.295
32623,1.000,0.700,0.6947,-0.277
32633,1.000,0.700,0.6973,-0.269
32643,1.000,0.700,0.7013,0.282
32653,1.000,0.700,0.7028,0.287
32663,1.000,0.700,0.6976,-0.267
32673,1.000,0.700,0.6987,-0.263
32683,1.000,0.700,0.7009,0.280
32693,1.000,0.700,0.7006,0.279
32703,1.000,0.700,0.6998,-0.260
32713,1.000,0.700,0.6995,-0.261
32723,1.000,0.700,0.6973,-0.269
32733,1.000,0.700,0.7006,0.279
32743,1.000,0.700,0.6947,-0.277
32753,1.000,0.700,0.7020,0.284
32763,1.000,0.700,0.7031,0.288
32773,1.000,0.700,0.7009,0.280
32783,1.000,0.700,0.7009,0.280
32793,1.000,0.700,0.7006,0.279
32803,1.000,0.700,0.7002,0.278
32813,1.000,0.700,0.7024,0.285
32823,1.000,0.700,0.6998,-0.260
32833,1.000,0.700,0.7002,0.278
32843,1.000,0.700,0.6958,-0.274
32853,1.000,0.700,0.6980,-0.266
32863,1.000,0.700,0.6969,-0.270
32873,1.000,0.700,0.6922,-0.286
32883,1.000,0.700,0.6969,-0.270
32893,1.000,0.700,0.7111,0.316
32903,1.000,0.700,0.6998,-0.260
32913,1.000,0.700,0.6998,-0.260
32923,1.000,0.700,0.7017,0.283
32933,1.000,0.700,0.6991,-0.262
32943,1.000,0.700,0.7017,0.283
32953,1.000,0.700,0.6991,-0.262
32963,1.000,0.700,0.6984,-0.265
32973,1.000,0.700,0.6995,-0.261
32983,1.000,0.700,0.6991,-0.262
32993,1.000,0.700,0.7006,0.279
33003,1.000,0.700,0.7013,0.282
33013,1.000,0.700,0.6995,-0.261
33023,1.000,0.700,0.7013,0.282
33033,1.000,0.700,0.6998,-0.260
33043,1.000,0.700,0.6998,-0.260
33053,1.000,0.700,0.7035,0.289
33063,1.000,0.700,0.6995,-0.261
33073,1.000,0.700,0.7028,0.287
33083,1.000,0.700,0.7024,0.285
33093,1.000,0.700,0.6998,-0.260
33103,1.000,0.700,0.7013,0.282
33113,1.000,0.700,0.6976,-0.267
33123,1.000,0.700,0.6998,-0.260
33133,1.000,0.700,0.7002,0.278
33143,1.000,0.700,0.7006,0.279
33153,1.000,0.700,0.7028,0.287
33163,1.000,0.700,0.7028,0.287
33173,1.000,0.700,0.7017,0.283
33183,1.000,0.700,0.7002,0.278
33193,1.000,0.700,0.7006,0.279
33203,1.000,0.700,0.7006,0.279
33213,1.000,0.700,0.7071,0.302
33223,1.000,0.700,0.6991,-0.262
33233,1.000,0.700,0.6998,-0.260
33243,1.000,0.700,0.7006,0.279
33253,1.000,0.700,0.7002,0.278
33263,1.000,0.700,0.6991,-0.262
33273,1.000,0.700,0.6995,-0.261
33283,1.000,0.700,0.7017,0.283
33293,1.000,0.700,0.6998,-0.260
33303,1.000,0.700,0.6951,-0.276
33313,1.000,0.700,0.7002,0.278
33323,1.000,0.700,0.7006,0.279
33333,1.000,0.700,0.7013,0.282
33343,1.000,0.700,0.7013,0.282
33353,1.000,0.700,0.6987,-0.263
33363,1.000,0.700,0.6925,-0.285
33373,1.000,0.700,0.6995,-0.261
33383,1.000,0.700,0.7013,0.282
33393,1.000,0.700,0.6998,-0.260
33403,1.000,0.700,0.7006,0.279
33413,1.000,0.700,0.6995,-0.261
33423,1.000,0.700,0.6998,-0.260
33433,1.000,0.700,0.6958,-0.274
33443,1.000,0.700,0.6998,-0.260
33453,1.000,0.700,0.6995,-0.261
33463,1.000,0.700,0.6966,-0.271
33473,1.000,0.700,0.7006,0.279
33483,1.000,0.700,0.6984,-0.265
33493,1.000,0.700,0.7009,0.280
33503,1.000,0.700,0.6995,-0.261
33513,1.000,0.700,0.6969,-0.270
33523,1.000,0.700,0.7009,0.280
33533,1.000,0.700,0.7013,0.282
33543,1.000,0.700,0.6998,-0.260
33553,1.000,0.700,0.6980,-0.266
33563,1.000,0.700,0.6998,-0.260
33573,1.000,0.700,0.7006,0.279
33583,1.000,0.700,0.6976,-0.267
33593,1.000,0.700,0.7002,0.278
33603,1.000,0.700,0.6998,-0.260
33613,1.000,0.700,0.6984,-0.265
33623,1.000,0.700,0.7035,0.289
33633,1.000,0.700,0.6969,-0.270
33643,1.000,0.700,0.6998,-0.260
33653,1.000,0.700,0.6984,-0.265
33663,1.000,0.700,0.7042,0.292
33673,1.000,0.700,0.7020,0.284
33683,1.000,0.700,0.7006,0.279
33693,1.000,0.700,0.6969,-0.270
33703,1.000,0.700,0.6995,-0.261
33713,1.000,0.700,0.7006,0.279
33723,1.000,0.700,0.7017,0.283
33733,1.000,0.700,0.7002,0.278
33743,1.000,0.700,0.6991,-0.262
33753,1.000,0.700,0.6969,-0.270
33763,1.000,0.700,0.6991,-0.262
33773,1.000,0.700,0.7006,0.279
33783,1.000,0.700,0.7009,0.280
33793,1.000,0.700,0.6980,-0.266
33803,1.000,0.700,0.6991,-0.262
33813,1.000,0.700,0.6987,-0.263
33823,1.000,0.700,0.6900,-0.294
33833,1.000,0.700,0.6867,-0.306
33843,1.000,0.700,0.7031,0.288
33853,1.000,0.700,0.7006,0.279
33863,1.000,0.700,0.7009,0.280
33873,1.000,0.700,0.7017,0.283
33883,1.000,0.700,0.6976,-0.267
33893,1.000,0.700,0.7042,0.292
33903,1.000,0.700,0.7035,0.289
33913,1.000,0.700,0.6995,-0.261
33923,1.000,0.700,0.6991,-0.262
33933,1.000,0.700,0.6976,-0.267
33943,1.000,0.700,0.6998,-0.260
33953,1.000,0.700,0.7020,0.284
33963,1.000,0.700,0.7006,0.279
33973,1.000,0.700,0.7024,0.285
33983,1.000,0.700,0.7002,0.278
33993,1.000,0.700,0.6980,-0.266
34003,1.000,0.700,0.6998,-0.260
34013,1.000,0.700,0.7006,0.279
34023,1.000,0.700,0.7006,0.279
34033,1.000,0.700,0.7038,0.290
34043,1.000,0.700,0.6998,-0.260
34053,1.000,0.700,0.6955,-0.275
34063,1.000,0.700,0.6987,-0.263
34073,1.000,0.700,0.6987,-0.263
34083,1.000,0.700,0.6987,-0.263
34093,1.000,0.700,0.6991,-0.262
34103,1.000,0.700,0.7013,0.282
34113,1.000,0.700,0.6940,-0.280
34123,-1.000,-0.700,0.7013,5.182
34133,-1.000,-0.700,0.6820,5.114
34143,-1.000,-0.700,0.6404,4.968
34153,-1.000,-0.700,0.5693,4.720
34163,-1.000,-0.700,0.5117,4.518
34173,-1.000,-0.700,0.4403,4.268
34183,-1.000,-0.700,0.3601,3.987
34193,-1.000,-0.700,0.2887,3.737
34203,-1.000,-0.700,0.2187,3.492
34213,-1.000,-0.700,0.1662,3.309
34223,-1.000,-0.700,0.0918,3.048
34233,-1.000,-0.700,0.0299,2.831
34243,-1.000,-0.700,-0.0256,2.638
34253,-1.000,-0.700,-0.0784,2.453
34263,-1.000,-0.700,-0.1287,2.276
34273,-1.000,-0.700,-0.1714,2.127
34283,-1.000,-0.700,-0.2158,1.972
34293,-1.000,-0.700,-0.2534,1.840
34303,-1.000,-0.700,-0.2880,1.719
34313,-1.000,-0.700,-0.3241,1.593
34323,-1.000,-0.700,-0.3514,1.497
34333,-1.000,-0.700,-0.3821,1.390
34343,-1.000,-0.700,-0.4156,1.272
34353,-1.000,-0.700,-0.4302,1.221
34363,-1.000,-0.700,-0.4469,1.163
34373,-1.000,-0.700,-0.4746,1.066
34383,-1.000,-0.700,-0.4900,1.012
34393,-1.000,-0.700,-0.5089,0.946
34403,-1.000,-0.700,-0.5300,0.872
34413,-1.000,-0.700,-0.5428,0.827
34423,-1.000,-0.700,-0.5599,0.767
34433,-1.000,-0.700,-0.5749,0.715
34443,-1.000,-0.700,-0.5869,0.673
34453,-1.000,-0.700,-0.5978,0.635
34463,-1.000,-0.700,-0.6066,0.604
34473,-1.000,-0.700,-0.6212,0.553
34483,-1.000,-0.700,-0.6263,0.535
34493,-1.000,-0.700,-0.6372,0.497
34503,-1.000,-0.700,-0.6467,0.464
34513,-1.000,-0.700,-0.6467,0.464
34523,-1.000,-0.700,-0.6595,0.419
34533,-1.000,-0.700,-0.6664,0.395
34543,-1.000,-0.700,-0.6708,0.379
34553,-1.000,-0.700,-0.6831,0.336
34563,-1.000,-0.700,-0.6788,0.351
34573,-1.000,-0.700,-0.6846,0.331
34583,-1.000,-0.700,-0.6882,0.318
34593,-1.000,-0.700,-0.6926,0.303
34603,-1.000,-0.700,-0.6897,0.313
34613,-1.000,-0.700,-0.6930,0.302
34623,-1.000,-0.700,-0.6999,0.277
34633,-1.000,-0.700,-0.6992,0.280
34643,-1.000,-0.700,-0.6999,0.277
34653,-1.000,-0.700,-0.7021,-0.266
34663,-1.000,-0.700,-0.7021,-0.266
34673,-1.000,-0.700,-0.7014,-0.264
34683,-1.000,-0.700,-0.7014,-0.264
34693,-1.000,-0.700,-0.7101,-0.294
34703,-1.000,-0.700,-0.7021,-0.266
34713,-1.000,-0.700,-0.7003,-0.260
34723,-1.000,-0.700,-0.6985,0.282
34733,-1.000,-0.700,-0.7003,-0.260
34743,-1.000,-0.700,-0.7021,-0.266
34753,-1.000,-0.700,-0.6999,0.277
34763,-1.000,-0.700,-0.7087,-0.289
34773,-1.000,-0.700,-0.7050,-0.277
34783,-1.000,-0.700,-0.7050,-0.277
34793,-1.000,-0.700,-0.7108,-0.297
34803,-1.000,-0.700,-0.6999,0.277
34813,-1.000,-0.700,-0.6955,0.293
34823,-1.000,-0.700,-0.6970,0.288
34833,-1.000,-0.700,-0.7014,-0.264
34843,-1.000,-0.700,-0.6970,0.288
34853,-1.000,-0.700,-0.7021,-0.266
34863,-1.000,-0.700,-0.7032,-0.270
34873,-1.000,-0.700,-0.7123,-0.302
34883,-1.000,-0.700,-0.7057,-0.279
34893,-1.000,-0.700,-0.6970,0.288
34903,-1.000,-0.700,-0.6999,0.277
34913,-1.000,-0.700,-0.7014,-0.264
34923,-1.000,-0.700,-0.7028,-0.269
34933,-1.000,-0.700,-0.7028,-0.269
34943,-1.000,-0.700,-0.7021,-0.266
34953,-1.000,-0.700,-0.6999,0.277
34963,-1.000,-0.700,-0.6992,0.280
34973,-1.000,-0.700,-0.7014,-0.264
34983,-1.000,-0.700,-0.6992,0.280
34993,-1.000,-0.700,-0.7079,-0.287
35003,-1.000,-0.700,-0.7021,-0.266
35013,-1.000,-0.700,-0.6941,0.298
35023,-1.000,-0.700,-0.6890,0.316
35033,-1.000,-0.700,-0.7021,-0.266
35043,-1.000,-0.700,-0.7087,-0.289
35053,-1.000,-0.700,-0.7032,-0.270
35063,-1.000,-0.700,-0.7014,-0.264
35073,-1.000,-0.700,-0.7003,-0.260
35083,-1.000,-0.700,-0.7028,-0.269
35093,-1.000,-0.700,-0.7021,-0.266
35103,-1.000,-0.700,-0.7014,-0.264
35113,-1.000,-0.700,-0.6992,0.280
35123,-1.000,-0.700,-0.7010,-0.263
35133,-1.000,-0.700,-0.6999,0.277
35143,-1.000,-0.700,-0.6999,0.277
35153,-1.000,-0.700,-0.6999,0.277
35163,-1.000,-0.700,-0.6999,0.277
35173,-1.000,-0.700,-0.6999,0.277
35183,-1.000,-0.700,-0.6999,0.277
35193,-1.000,-0.700,-0.6999,0.277
35203,-1.000,-0.700,-0.7003,-0.260
35213,-1.000,-0.700,-0.7003,-0.260
35223,-1.000,-0.700,-0.7087,-0.289
35233,-1.000,-0.700,-0.7003,-0.260
35243,-1.000,-0.700,-0.6977,0.285
35253,-1.000,-0.700,-0.6992,0.280
35263,-1.000,-0.700,-0.6999,0.277
35273,-1.000,-0.700,-0.6941,0.298
35283,-1.000,-0.700,-0.6999,0.277
35293,-1.000,-0.700,-0.7014,-0.264
35303,-1.000,-0.700,-0.7050,-0.277
35313,-1.000,-0.700,-0.6963,0.290
35323,-1.000,-0.700,-0.6992,0.280
35333,-1.000,-0.700,-0.6992,0.280
35343,-1.000,-0.700,-0.6999,0.277
35353,-1.000,-0.700,-0.7032,-0.270
35363,-1.000,-0.700,-0.7057,-0.279
35373,-1.000,-0.700,-0.6985,0.282
35383,-1.000,-0.700,-0.6992,0.280
35393,-1.000,-0.700,-0.6992,0.280
35403,-1.000,-0.700,-0.6999,0.277
35413,-1.000,-0.700,-0.6974,0.286
35423,-1.000,-0.700,-0.7032,-0.270
35433,-1.000,-0.700,-0.7028,-0.269
35443,-1.000,-0.700,-0.7014,-0.264
35453,-1.000,-0.700,-0.6999,0.277
35463,-1.000,-0.700,-0.7028,-0.269
35473,-1.000,-0.700,-0.7108,-0.297
35483,-1.000,-0.700,-0.6999,0.277
35493,-1.000,-0.700,-0.7021,-0.266
35503,-1.000,-0.700,-0.7028,-0.269
35513,-1.000,-0.700,-0.6985,0.282
35523,-1.000,-0.700,-0.6999,0.277
35533,-1.000,-0.700,-0.6904,0.310
35543,-1.000,-0.700,-0.7021,-0.266
35553,-1.000,-0.700,-0.6941,0.298
35563,-1.000,-0.700,-0.7021,-0.266
35573,-1.000,-0.700,-0.7021,-0.266
35583,-1.000,-0.700,-0.7014,-0.264
35593,-1.000,-0.700,-0.6999,0.277
35603,-1.000,-0.700,-0.7028,-0.269
35613,-1.000,-0.700,-0.7014,-0.264
35623,-1.000,-0.700,-0.6999,0.277
35633,-1.000,-0.700,-0.6974,0.286
35643,-1.000,-0.700,-0.7057,-0.279
35653,-1.000,-0.700,-0.6992,0.280
35663,-1.000,-0.700,-0.7006,-0.261
35673,-1.000,-0.700,-0.7006,-0.261
35683,-1.000,-0.700,-0.6992,0.280
35693,-1.000,-0.700,-0.7032,-0.270
35703,-1.000,-0.700,-0.7006,-0.261
35713,-1.000,-0.700,-0.7028,-0.269
35723,-1.000,-0.700,-0.7028,-0.269
35733,-1.000,-0.700,-0.7014,-0.264
35743,-1.000,-0.700,-0.6985,0.282
35753,-1.000,-0.700,-0.6992,0.280
35763,-1.000,-0.700,-0.6999,0.277
35773,-1.000,-0.700,-0.7006,-0.261
35783,-1.000,-0.700,-0.7014,-0.264
35793,-1.000,-0.700,-0.6999,0.277
35803,-1.000,-0.700,-0.6999,0.277
35813,-1.000,-0.700,-0.7028,-0.269
35823,-1.000,-0.700,-0.7021,-0.266
35833,-1.000,-0.700,-0.7014,-0.264
35843,-1.000,-0.700,-0.6999,0.277
35853,-1.000,-0.700,-0.7043,-0.274
35863,-1.000,-0.700,-0.7003,-0.260
35873,-1.000,-0.700,-0.6995,0.279
35883,-1.000,-0.700,-0.6999,0.277
35893,-1.000,-0.700,-0.6915,0.307
35903,-1.000,-0.700,-0.7028,-0.269
35913,-1.000,-0.700,-0.6992,0.280
35923,-1.000,-0.700,-0.7006,-0.261
35933,-1.000,-0.700,-0.6999,0.277
35943,-1.000,-0.700,-0.6985,0.282
35953,-1.000,-0.700,-0.7028,-0.269
35963,-1.000,-0.700,-0.6934,0.300
35973,-1.000,-0.700,-0.7032,-0.270
35983,-1.000,-0.700,-0.6999,0.277
35993,-1.000,-0.700,-0.6992,0.280
36003,-1.000,-0.700,-0.7003,-0.260
36013,-1.000,-0.700,-0.6974,0.286
36023,-1.000,-0.700,-0.6926,0.303
36033,-1.000,-0.700,-0.7167,-0.317
36043,-1.000,-0.700,-0.6999,0.277
36053,-1.000,-0.700,-0.6944,0.296
36063,-1.000,-0.700,-0.7014,-0.264
36073,-1.000,-0.700,-0.7021,-0.266
36083,-1.000,-0.700,-0.7032,-0.270
36093,-1.000,-0.700,-0.7123,-0.302
36103,-1.000,-0.700,-0.7021,-0.266
36113,-1.000,-0.700,-0.6992,0.280
36123,1.000,0.700,-0.6992,-5.156
36133,1.000,0.700,-0.6802,-5.090
36143,1.000,0.700,-0.6569,-5.008
36153,1.000,0.700,-0.5884,-4.768
36163,1.000,0.700,-0.5177,-4.521
36173,1.000,0.700,-0.4495,-4.282
36183,1.000,0.700,-0.3795,-4.037
36193,1.000,0.700,-0.2989,-3.755
36203,1.000,0.700,-0.2414,-3.554
36213,1.000,0.700,-0.1619,-3.276
36223,1.000,0.700,-0.1094,-3.092
36233,1.000,0.700,-0.0540,-2.898
36243,1.000,0.700,0.0058,-2.689
36253,1.000,0.700,0.0495,-2.536
36263,1.000,0.700,0.0984,-2.365
36273,1.000,0.700,0.1461,-2.198
36283,1.000,0.700,0.1859,-2.058
36293,1.000,0.700,0.2267,-1.916
36303,1.000,0.700,0.2668,-1.775
36313,1.000,0.700,0.2956,-1.674
36323,1.000,0.700,0.3273,-1.563
36333,1.000,0.700,0.3583,-1.455
36343,1.000,0.700,0.3856,-1.359
36353,1.000,0.700,0.4126,-1.265
36363,1.000,0.700,0.4352,-1.186
36373,1.000,0.700,0.4458,-1.149
36383,1.000,0.700,0.4767,-1.040
36393,1.000,0.700,0.4957,-0.974
36403,1.000,0.700,0.5172,-0.899
36413,1.000,0.700,0.5329,-0.844
36423,1.000,0.700,0.5456,-0.799
36433,1.000,0.700,0.5584,-0.755
36443,1.000,0.700,0.5748,-0.697
36453,1.000,0.700,0.5861,-0.658
36463,1.000,0.700,0.5941,-0.630
36473,1.000,0.700,0.6051,-0.591
36483,1.000,0.700,0.6178,-0.547
36493,1.000,0.700,0.6255,-0.520
36503,1.000,0.700,0.6353,-0.485
36513,1.000,0.700,0.6379,-0.476
36523,1.000,0.700,0.6503,-0.433
36533,1.000,0.700,0.6550,-0.417
36543,1.000,0.700,0.6652,-0.381
36553,1.000,0.700,0.6681,-0.371
36563,1.000,0.700,0.6725,-0.355
36573,1.000,0.700,0.6758,-0.344
36583,1.000,0.700,0.6802,-0.328
36593,1.000,0.700,0.6871,-0.304
36603,1.000,0.700,0.6893,-0.297
36613,1.000,0.700,0.6911,-0.290
36623,1.000,0.700,0.6955,-0.275
36633,1.000,0.700,0.6944,-0.279
36643,1.000,0.700,0.7009,0.280
36653,1.000,0.700,0.7031,0.288
36663,1.000,0.700,0.7053,0.296
36673,1.000,0.700,0.7009,0.280
36683,1.000,0.700,0.7002,0.278
36693,1.000,0.700,0.6966,-0.271
36703,1.000,0.700,0.7020,0.284
36713,1.000,0.700,0.6998,-0.260
36723,1.000,0.700,0.6984,-0.265
36733,1.000,0.700,0.6998,-0.260
36743,1.000,0.700,0.6995,-0.261
36753,1.000,0.700,0.6976,-0.267
36763,1.000,0.700,0.6998,-0.260
36773,1.000,0.700,0.6984,-0.265
36783,1.000,0.700,0.6958,-0.274
36793,1.000,0.700,0.6984,-0.265
36803,1.000,0.700,0.6962,-0.272
36813,1.000,0.700,0.7042,0.292
36823,1.000,0.700,0.7002,0.278
36833,1.000,0.700,0.6998,-0.260
36843,1.000,0.700,0.7002,0.278
36853,1.000,0.700,0.7042,0.292
36863,1.000,0.700,0.6944,-0.279
36873,1.000,0.700,0.6995,-0.261
36883,1.000,0.700,0.6998,-0.260
36893,1.000,0.700,0.7006,0.279
36903,1.000,0.700,0.7006,0.279
36913,1.000,0.700,0.6984,-0.265
36923,1.000,0.700,0.6955,-0.275
36933,1.000,0.700,0.6969,-0.270
36943,1.000,0.700,0.7028,0.287
36953,1.000,0.700,0.6984,-0.265
36963,1.000,0.700,0.6907,-0.291
36973,1.000,0.700,0.7013,0.282
36983,1.000,0.700,0.7009,0.280
36993,1.000,0.700,0.6987,-0.263
37003,1.000,0.700,0.7006,0.279
37013,1.000,0.700,0.6998,-0.260
37023,1.000,0.700,0.6976,-0.267
37033,1.000,0.700,0.6984,-0.265
37043,1.000,0.700,0.7068,0.301
37053,1.000,0.700,0.6998,-0.260
37063,1.000,0.700,0.6980,-0.266
37073,1.000,0.700,0.7035,0.289
37083,1.000,0.700,0.6980,-0.266
37093,1.000,0.700,0.6998,-0.260
37103,1.000,0.700,0.6984,-0.265
37113,1.000,0.700,0.6991,-0.262
37123,1.000,0.700,0.6998,-0.260
37133,1.000,0.700,0.6998,-0.260
37143,1.000,0.700,0.7064,0.299
37153,1.000,0.700,0.7002,0.278
37163,1.000,0.700,0.7002,0.278
37173,1.000,0.700,0.6980,-0.266
37183,1.000,0.700,0.6995,-0.261
37193,1.000,0.700,0.7020,0.284
37203,1.000,0.700,0.7064,0.299
37213,1.000,0.700,0.7006,0.279
37223,1.000,0.700,0.7002,0.278
37233,1.000,0.700,0.6998,-0.260
37243,1.000,0.700,0.7013,0.282
37253,1.000,0.700,0.6998,-0.260
37263,1.000,0.700,0.6987,-0.263
37273,1.000,0.700,0.7020,0.284
37283,1.000,0.700,0.6998,-0.260
37293,1.000,0.700,0.7017,0.283
37303,1.000,0.700,0.6867,-0.306
37313,1.000,0.700,0.7006,0.279
37323,1.000,0.700,0.7013,0.282
37333,1.000,0.700,0.7002,0.278
37343,1.000,0.700,0.6984,-0.265
37353,1.000,0.700,0.6991,-0.262
37363,1.000,0.700,0.7086,0.307
37373,1.000,0.700,0.7020,0.284
37383,1.000,0.700,0.6995,-0.261
37393,1.000,0.700,0.6987,-0.263
37403,1.000,0.700,0.7006,0.279
37413,1.000,0.700,0.6984,-0.265
37423,1.000,0.700,0.6991,-0.262
37433,1.000,0.700,0.6995,-0.261
37443,1.000,0.700,0.6984,-0.265
37453,1.000,0.700,0.6976,-0.267
37463,1.000,0.700,0.6984,-0.265
37473,1.000,0.700,0.6987,-0.263
37483,1.000,0.700,0.6998,-0.260
37493,1.000,0.700,0.6998,-0.260
37503,1.000,0.700,0.7002,0.278
37513,1.000,0.700,0.6991,-0.262
37523,1.000,0.700,0.7006,0.279
37533,1.000,0.700,0.6998,-0.260
37543,1.000,0.700,0.7020,0.284
37553,1.000,0.700,0.6969,-0.270
37563,1.000,0.700,0.7049,0.294
37573,1.000,0.700,0.7028,0.287
37583,1.000,0.700,0.7013,0.282
37593,1.000,0.700,0.7009,0.280
37603,1.000,0.700,0.7042,0.292
37613,1.000,0.700,0.6987,-0.263
37623,1.000,0.700,0.6893,-0.297
37633,1.000,0.700,0.6987,-0.263
37643,1.000,0.700,0.7013,0.282
37653,1.000,0.700,0.6987,-0.263
37663,1.000,0.700,0.6991,-0.262
37673,1.000,0.700,0.6998,-0.260
37683,1.000,0.700,0.6984,-0.265
37693,1.000,0.700,0.6998,-0.260
37703,1.000,0.700,0.6991,-0.262
37713,1.000,0.700,0.7028,0.287
37723,1.000,0.700,0.6987,-0.263
37733,1.000,0.700,0.6998,-0.260
37743,1.000,0.700,0.6995,-0.261
37753,1.000,0.700,0.6998,-0.260
37763,1.000,0.700,0.7002,0.278
37773,1.000,0.700,0.6998,-0.260
37783,1.000,0.700,0.7042,0.292
37793,1.000,0.700,0.7009,0.280
37803,1.000,0.700,0.7031,0.288
37813,1.000,0.700,0.6991,-0.262
37823,1.000,0.700,0.7002,0.278
37833,1.000,0.700,0.7013,0.282
37843,1.000,0.700,0.6991,-0.262
37853,1.000,0.700,0.6991,-0.262
37863,1.000,0.700,0.7013,0.282
37873,1.000,0.700,0.7013,0.282
37883,1.000,0.700,0.6998,-0.260
37893,1.000,0.700,0.6998,-0.260
37903,1.000,0.700,0.6976,-0.267
37913,1.000,0.700,0.6969,-0.270
37923,1.000,0.700,0.7017,0.283
37933,1.000,0.700,0.7017,0.283
37943,1.000,0.700,0.7002,0.278
37953,1.000,0.700,0.7002,0.278
37963,1.000,0.700,0.7053,0.296
37973,1.000,0.700,0.7006,0.279
37983,1.000,0.700,0.6998,-0.260
37993,1.000,0.700,0.7024,0.285
38003,1.000,0.700,0.6976,-0.267
38013,1.000,0.700,0.7035,0.289
38023,1.000,0.700,0.6995,-0.261
38033,1.000,0.700,0.6995,-0.261
38043,1.000,0.700,0.7006,0.279
38053,1.000,0.700,0.7024,0.285
38063,1.000,0.700,0.6980,-0.266
38073,1.000,0.700,0.7017,0.283
38083,1.000,0.700,0.6995,-0.261
38093,1.000,0.700,0.7082,0.306
38103,1.000,0.700,0.7013,0.282
38113,1.000,0.700,0.6991,-0.262
38123,-1.000,-0.700,0.7009,5.180
38133,-1.000,-0.700,0.6842,5.122
38143,-1.000,-0.700,0.6422,4.975
38153,-1.000,-0.700,0.5825,4.766
38163,-1.000,-0.700,0.5121,4.519
38173,-1.000,-0.700,0.4345,4.248
38183,-1.000,-0.700,0.3725,4.031
38193,-1.000,-0.700,0.2974,3.768
38203,-1.000,-0.700,0.2216,3.503
38213,-1.000,-0.700,0.1698,3.321
38223,-1.000,-0.700,0.0911,3.046
38233,-1.000,-0.700,0.0299,2.831
38243,-1.000,-0.700,-0.0223,2.649
38253,-1.000,-0.700,-0.0722,2.474
38263,-1.000,-0.700,-0.1141,2.328
38273,-1.000,-0.700,-0.1684,2.137
38283,-1.000,-0.700,-0.2126,1.983
38293,-1.000,-0.700,-0.2479,1.859
38303,-1.000,-0.700,-0.2880,1.719
38313,-1.000,-0.700,-0.3208,1.604
38323,-1.000,-0.700,-0.3503,1.501
38333,-1.000,-0.700,-0.3795,1.399
38343,-1.000,-0.700,-0.4105,1.290
38353,-1.000,-0.700,-0.4338,1.209
38363,-1.000,-0.700,-0.4509,1.149
38373,-1.000,-0.700,-0.4743,1.067
38383,-1.000,-0.700,-0.4951,0.994
38393,-1.000,-0.700,-0.5020,0.970
38403,-1.000,-0.700,-0.5279,0.879
38413,-1.000,-0.700,-0.5475,0.811
38423,-1.000,-0.700,-0.5614,0.762
38433,-1.000,-0.700,-0.5760,0.711
38443,-1.000,-0.700,-0.5862,0.675
38453,-1.000,-0.700,-0.5964,0.640
38463,-1.000,-0.700,-0.6095,0.594
38473,-1.000,-0.700,-0.6186,0.562
38483,-1.000,-0.700,-0.6281,0.529
38493,-1.000,-0.700,-0.6387,0.492
38503,-1.000,-0.700,-0.6525,0.443
38513,-1.000,-0.700,-0.6511,0.448
38523,-1.000,-0.700,-0.6358,0.502
38533,-1.000,-0.700,-0.6642,0.402
38543,-1.000,-0.700,-0.6700,0.382
38553,-1.000,-0.700,-0.6766,0.359
38563,-1.000,-0.700,-0.6817,0.341
38573,-1.000,-0.700,-0.6839,0.333
38583,-1.000,-0.700,-0.6904,0.310
38593,-1.000,-0.700,-0.6934,0.300
38603,-1.000,-0.700,-0.6955,0.293
38613,-1.000,-0.700,-0.6999,0.277
38623,-1.000,-0.700,-0.7014,-0.264
38633,-1.000,-0.700,-0.7021,-0.266
38643,-1.000,-0.700,-0.7021,-0.266
38653,-1.000,-0.700,-0.7028,-0.269
38663,-1.000,-0.700,-0.7021,-0.266
38673,-1.000,-0.700,-0.7006,-0.261
38683,-1.000,-0.700,-0.7032,-0.270
38693,-1.000,-0.700,-0.7014,-0.264
38703,-1.000,-0.700,-0.6999,0.277
38713,-1.000,-0.700,-0.7050,-0.277
38723,-1.000,-0.700,-0.7028,-0.269
38733,-1.000,-0.700,-0.7021,-0.266
38743,-1.000,-0.700,-0.6999,0.277
38753,-1.000,-0.700,-0.6985,0.282
38763,-1.000,-0.700,-0.6992,0.280
38773,-1.000,-0.700,-0.7006,-0.261
38783,-1.000,-0.700,-0.7028,-0.269
38793,-1.000,-0.700,-0.7014,-0.264
38803,-1.000,-0.700,-0.6999,0.277
38813,-1.000,-0.700,-0.7043,-0.274
38823,-1.000,-0.700,-0.6999,0.277
38833,-1.000,-0.700,-0.7072,-0.284
38843,-1.000,-0.700,-0.6977,0.285
38853,-1.000,-0.700,-0.6963,0.290
38863,-1.000,-0.700,-0.7014,-0.264
38873,-1.000,-0.700,-0.6919,0.305
38883,-1.000,-0.700,-0.7014,-0.264
38893,-1.000,-0.700,-0.6999,0.277
38903,-1.000,-0.700,-0.6999,0.277
38913,-1.000,-0.700,-0.6999,0.277
38923,-1.000,-0.700,-0.6992,0.280
38933,-1.000,-0.700,-0.6999,0.277
38943,-1.000,-0.700,-0.6999,0.277
38953,-1.000,-0.700,-0.7021,-0.266
38963,-1.000,-0.700,-0.6999,0.277
38973,-1.000,-0.700,-0.6992,0.280
38983,-1.000,-0.700,-0.6999,0.277
38993,-1.000,-0.700,-0.7050,-0.277
39003,-1.000,-0.700,-0.6999,0.277
39013,-1.000,-0.700,-0.7028,-0.269
39023,-1.000,-0.700,-0.7061,-0.280
39033,-1.000,-0.700,-0.6999,0.277
39043,-1.000,-0.700,-0.7003,-0.260
39053,-1.000,-0.700,-0.6999,0.277
39063,-1.000,-0.700,-0.7014,-0.264
39073,-1.000,-0.700,-0.6999,0.277
39083,-1.000,-0.700,-0.7028,-0.269
39093,-1.000,-0.700,-0.6985,0.282
39103,-1.000,-0.700,-0.6985,0.282
39113,-1.000,-0.700,-0.7006,-0.261
39123,-1.000,-0.700,-0.6999,0.277
39133,-1.000,-0.700,-0.7014,-0.264
39143,-1.000,-0.700,-0.7014,-0.264
39153,-1.000,-0.700,-0.6970,0.288
39163,-1.000,-0.700,-0.6941,0.298
39173,-1.000,-0.700,-0.7014,-0.264
39183,-1.000,-0.700,-0.7014,-0.264
39193,-1.000,-0.700,-0.7021,-0.266
39203,-1.000,-0.700,-0.7014,-0.264
39213,-1.000,-0.700,-0.7057,-0.279
39223,-1.000,-0.700,-0.6999,0.277
39233,-1.000,-0.700,-0.6992,0.280
39243,-1.000,-0.700,-0.7014,-0.264
39253,-1.000,-0.700,-0.6992,0.280
39263,-1.000,-0.700,-0.7021,-0.266
39273,-1.000,-0.700,-0.6999,0.277
39283,-1.000,-0.700,-0.6999,0.277
39293,-1.000,-0.700,-0.6992,0.280
39303,-1.000,-0.700,-0.6999,0.277
39313,-1.000,-0.700,-0.6970,0.288
39323,-1.000,-0.700,-0.7003,-0.260
39333,-1.000,-0.700,-0.7003,-0.260
39343,-1.000,-0.700,-0.7021,-0.266
39353,-1.000,-0.700,-0.6970,0.288
39363,-1.000,-0.700,-0.6970,0.288
39373,-1.000,-0.700,-0.7032,-0.270
39383,-1.000,-0.700,-0.7021,-0.266
39393,-1.000,-0.700,-0.7090,-0.291
39403,-1.000,-0.700,-0.6992,0.280
39413,-1.000,-0.700,-0.7050,-0.277
39423,-1.000,-0.700,-0.7057,-0.279
39433,-1.000,-0.700,-0.6999,0.277
39443,-1.000,-0.700,-0.6992,0.280
39453,-1.000,-0.700,-0.7021,-0.266
39463,-1.000,-0.700,-0.7003,-0.260
39473,-1.000,-0.700,-0.6992,0.280
39483,-1.000,-0.700,-0.7014,-0.264
39493,-1.000,-0.700,-0.7014,-0.264
39503,-1.000,-0.700,-0.7021,-0.266
39513,-1.000,-0.700,-0.6985,0.282
39523,-1.000,-0.700,-0.7006,-0.261
39533,-1.000,-0.700,-0.7028,-0.269
39543,-1.000,-0.700,-0.6999,0.277
39553,-1.000,-0.700,-0.7028,-0.269
39563,-1.000,-0.700,-0.7014,-0.264
39573,-1.000,-0.700,-0.6992,0.280
39583,-1.000,-0.700,-0.7145,-0.310
39593,-1.000,-0.700,-0.6999,0.277
39603,-1.000,-0.700,-0.6992,0.280
39613,-1.000,-0.700,-0.6999,0.277
39623,-1.000,-0.700,-0.7028,-0.269
39633,-1.000,-0.700,-0.7014,-0.264
39643,-1.000,-0.700,-0.7072,-0.284
39653,-1.000,-0.700,-0.7014,-0.264
39663,-1.000,-0.700,-0.6999,0.277
39673,-1.000,-0.700,-0.6999,0.277
39683,-1.000,-0.700,-0.7006,-0.261
39693,-1.000,-0.700,-0.7006,-0.261
39703,-1.000,-0.700,-0.6992,0.280
39713,-1.000,-0.700,-0.7014,-0.264
39723,-1.000,-0.700,-0.7014,-0.264
39733,-1.000,-0.700,-0.6988,0.281
39743,-1.000,-0.700,-0.7028,-0.269
39753,-1.000,-0.700,-0.6992,0.280
39763,-1.000,-0.700,-0.6992,0.280
39773,-1.000,-0.700,-0.6999,0.277
39783,-1.000,-0.700,-0.6963,0.290
39793,-1.000,-0.700,-0.6999,0.277
39803,-1.000,-0.700,-0.7014,-0.264
39813,-1.000,-0.700,-0.6912,0.308
39823,-1.000,-0.700,-0.6999,0.277
39833,-1.000,-0.700,-0.6999,0.277
39843,-1.000,-0.700,-0.6992,0.280
39853,-1.000,-0.700,-0.7014,-0.264
39863,-1.000,-0.700,-0.6999,0.277
39873,-1.000,-0.700,-0.7014,-0.264
39883,-1.000,-0.700,-0.6955,0.293
39893,-1.000,-0.700,-0.7021,-0.266
39903,-1.000,-0.700,-0.7174,-0.320
39913,-1.000,-0.700,-0.7028,-0.269
39923,-1.000,-0.700,-0.7036,-0.271
39933,-1.000,-0.700,-0.6963,0.290
39943,-1.000,-0.700,-0.6992,0.280
39953,-1.000,-0.700,-0.7021,-0.266
39963,-1.000,-0.700,-0.7021,-0.266
39973,-1.000,-0.700,-0.7021,-0.266
39983,-1.000,-0.700,-0.6970,0.288
39993,-1.000,-0.700,-0.7014,-0.264
40003,-1.000,-0.700,-0.7003,-0.260
40013,-1.000,-0.700,-0.7003,-0.260
40023,-1.000,-0.700,-0.6992,0.280
40033,-1.000,-0.700,-0.7006,-0.261
40043,-1.000,-0.700,-0.7014,-0.264
40053,-1.000,-0.700,-0.6999,0.277
40063,-1.000,-0.700,-0.7006,-0.261
40073,-1.000,-0.700,-0.6992,0.280
40083,-1.000,-0.700,-0.6992,0.280
40093,-1.000,-0.700,-0.6948,0.295
40103,-1.000,-0.700,-0.6992,0.280
40113,-1.000,-0.700,-0.7014,-0.264
40123,1.000,0.700,-0.6999,-5.159
40133,1.000,0.700,-0.6868,-5.113
40143,1.000,0.700,-0.6420,-4.956
40153,1.000,0.700,-0.5884,-4.768
40163,1.000,0.700,-0.5220,-4.536
40173,1.000,0.700,-0.4499,-4.283
40183,1.000,0.700,-0.3777,-4.031
40193,1.000,0.700,-0.3066,-3.782
40203,1.000,0.700,-0.2384,-3.544
40213,1.000,0.700,-0.1626,-3.278
40223,1.000,0.700,-0.1083,-3.088
40233,1.000,0.700,-0.0540,-2.898
40243,1.000,0.700,-0.0022,-2.717
40253,1.000,0.700,0.0484,-2.539
40263,1.000,0.700,0.0977,-2.367
40273,1.000,0.700,0.1392,-2.222
40283,1.000,0.700,0.1738,-2.101
40293,1.000,0.700,0.2241,-1.925
40303,1.000,0.700,0.2599,-1.799
40313,1.000,0.700,0.2981,-1.666
40323,1.000,0.700,0.3273,-1.563
40333,1.000,0.700,0.3601,-1.449
40343,1.000,0.700,0.3874,-1.353
40353,1.000,0.700,0.4130,-1.264
40363,1.000,0.700,0.4323,-1.196
40373,1.000,0.700,0.4541,-1.119
40383,1.000,0.700,0.4789,-1.033
40393,1.000,0.700,0.4964,-0.971
40403,1.000,0.700,0.5168,-0.900
40413,1.000,0.700,0.5318,-0.848
40423,1.000,0.700,0.5445,-0.803
40433,1.000,0.700,0.5584,-0.755
40443,1.000,0.700,0.5744,-0.698
40453,1.000,0.700,0.5930,-0.633
40463,1.000,0.700,0.5956,-0.624
40473,1.000,0.700,0.6065,-0.586
40483,1.000,0.700,0.6167,-0.550
40493,1.000,0.700,0.6222,-0.531
40503,1.000,0.700,0.6328,-0.494
40513,1.000,0.700,0.6393,-0.471
40523,1.000,0.700,0.6488,-0.438
40533,1.000,0.700,0.6557,-0.414
40543,1.000,0.700,0.6619,-0.392
40553,1.000,0.700,0.6692,-0.367
40563,1.000,0.700,0.6721,-0.357
40573,1.000,0.700,0.6769,-0.340
40583,1.000,0.700,0.6823,-0.321
40593,1.000,0.700,0.6831,-0.318
40603,1.000,0.700,0.6860,-0.308
40613,1.000,0.700,0.6896,-0.295
40623,1.000,0.700,0.6955,-0.275
40633,1.000,0.700,0.6976,-0.267
40643,1.000,0.700,0.7024,0.285
40653,1.000,0.700,0.7038,0.290
40663,1.000,0.700,0.7013,0.282
40673,1.000,0.700,0.6998,-0.260
40683,1.000,0.700,0.7013,0.282
40693,1.000,0.700,0.7006,0.279
40703,1.000,0.700,0.7006,0.279
40713,1.000,0.700,0.6998,-0.260
40723,1.000,0.700,0.7013,0.282
40733,1.000,0.700,0.6958,-0.274
40743,1.000,0.700,0.7006,0.279
40753,1.000,0.700,0.7002,0.278
40763,1.000,0.700,0.7002,0.278
40773,1.000,0.700,0.6969,-0.270
40783,1.000,0.700,0.6980,-0.266
40793,1.000,0.700,0.7009,0.280
40803,1.000,0.700,0.6991,-0.262
40813,1.000,0.700,0.7020,0.284
40823,1.000,0.700,0.7042,0.292
40833,1.000,0.700,0.7013,0.282
40843,1.000,0.700,0.6998,-0.260
40853,1.000,0.700,0.6991,-0.262
40863,1.000,0.700,0.7013,0.282
40873,1.000,0.700,0.7002,0.278
40883,1.000,0.700,0.6944,-0.279
40893,1.000,0.700,0.7006,0.279
40903,1.000,0.700,0.7038,0.290
40913,1.000,0.700,0.6969,-0.270
40923,1.000,0.700,0.7006,0.279
40933,1.000,0.700,0.6995,-0.261
40943,1.000,0.700,0.7020,0.284
40953,1.000,0.700,0.7006,0.279
40963,1.000,0.700,0.6995,-0.261
40973,1.000,0.700,0.6998,-0.260
40983,1.000,0.700,0.6991,-0.262
40993,1.000,0.700,0.7035,0.289
41003,1.000,0.700,0.6995,-0.261
41013,1.000,0.700,0.7038,0.290
41023,1.000,0.700,0.7009,0.280
41033,1.000,0.700,0.6998,-0.260
41043,1.000,0.700,0.7006,0.279
41053,1.000,0.700,0.7013,0.282
41063,1.000,0.700,0.6995,-0.261
41073,1.000,0.700,0.7017,0.283
41083,1.000,0.700,0.7038,0.290
41093,1.000,0.700,0.6991,-0.262
41103,1.000,0.700,0.7006,0.279
41113,1.000,0.700,0.6987,-0.263
41123,1.000,0.700,0.7002,0.278
41133,1.000,0.700,0.7006,0.279
41143,1.000,0.700,0.7038,0.290
41153,1.000,0.700,0.6998,-0.260
41163,1.000,0.700,0.6995,-0.261
41173,1.000,0.700,0.7006,0.279
41183,1.000,0.700,0.6984,-0.265
41193,1.000,0.700,0.6980,-0.266
41203,1.000,0.700,0.6998,-0.260
41213,1.000,0.700,0.6984,-0.265
41223,1.000,0.700,0.7024,0.285
41233,1.000,0.700,0.6991,-0.262
41243,1.000,0.700,0.6987,-0.263
41253,1.000,0.700,0.6984,-0.265
41263,1.000,0.700,0.6991,-0.262
41273,1.000,0.700,0.7002,0.278
41283,1.000,0.700,0.7002,0.278
41293,1.000,0.700,0.6962,-0.272
41303,1.000,0.700,0.6966,-0.271
41313,1.000,0.700,0.6995,-0.261
41323,1.000,0.700,0.7013,0.282
41333,1.000,0.700,0.6987,-0.263
41343,1.000,0.700,0.6980,-0.266
41353,1.000,0.700,0.7006,0.279
41363,1.000,0.700,0.7020,0.284
41373,1.000,0.700,0.7017,0.283
41383,1.000,0.700,0.7013,0.282
41393,1.000,0.700,0.7006,0.279
41403,1.000,0.700,0.7024,0.285
41413,1.000,0.700,0.6998,-0.260
41423,1.000,0.700,0.7009,0.280
41433,1.000,0.700,0.6962,-0.272
41443,1.000,0.700,0.7031,0.288
41453,1.000,0.700,0.6995,-0.261
41463,1.000,0.700,0.7035,0.289
41473,1.000,0.700,0.7013,0.282
41483,1.000,0.700,0.6973,-0.269
41493,1.000,0.700,0.7006,0.279
41503,1.000,0.700,0.6980,-0.266
41513,1.000,0.700,0.6984,-0.265
41523,1.000,0.700,0.7013,0.282
41533,1.000,0.700,0.6995,-0.261
41543,1.000,0.700,0.7020,0.284
41553,1.000,0.700,0.6980,-0.266
41563,1.000,0.700,0.6973,-0.269
41573,1.000,0.700,0.7035,0.289
41583,1.000,0.700,0.6987,-0.263
41593,1.000,0.700,0.7038,0.290
41603,1.000,0.700,0.7006,0.279
41613,1.000,0.700,0.7006,0.279
41623,1.000,0.700,0.7002,0.278
41633,1.000,0.700,0.6987,-0.263
41643,1.000,0.700,0.7031,0.288
41653,1.000,0.700,0.6976,-0.267
41663,1.000,0.700,0.7028,0.287
41673,1.000,0.700,0.7013,0.282
41683,1.000,0.700,0.7013,0.282
41693,1.000,0.700,0.6969,-0.270
41703,1.000,0.700,0.7020,0.284
41713,1.000,0.700,0.6984,-0.265
41723,1.000,0.700,0.6973,-0.269
41733,1.000,0.700,0.7013,0.282
41743,1.000,0.700,0.6998,-0.260
41753,1.000,0.700,0.6995,-0.261
41763,1.000,0.700,0.6995,-0.261
41773,1.000,0.700,0.7024,0.285
41783,1.000,0.700,0.7009,0.280
41793,1.000,0.700,0.6991,-0.262
41803,1.000,0.700,0.6998,-0.260
41813,1.000,0.700,0.7002,0.278
41823,1.000,0.700,0.6998,-0.260
41833,1.000,0.700,0.7006,0.279
41843,1.000,0.700,0.7002,0.278
41853,1.000,0.700,0.6929,-0.284
41863,1.000,0.700,0.6998,-0.260
41873,1.000,0.700,0.7017,0.283
41883,1.000,0.700,0.7013,0.282
41893,1.000,0.700,0.6984,-0.265
41903,1.000,0.700,0.7024,0.285
41913,1.000,0.700,0.7042,0.292
41923,1.000,0.700,0.6998,-0.260
41933,1.000,0.700,0.6973,-0.269
41943,1.000,0.700,0.6936,-0.281
41953,1.000,0.700,0.7013,0.282
41963,1.000,0.700,0.6991,-0.262
41973,1.000,0.700,0.7035,0.289
41983,1.000,0.700,0.6987,-0.263
41993,1.000,0.700,0.7009,0.280
42003,1.000,0.700,0.6991,-0.262
42013,1.000,0.700,0.7013,0.282
42023,1.000,0.700,0.7006,0.279
42033,1.000,0.700,0.6955,-0.275
42043,1.000,0.700,0.6973,-0.269
42053,1.000,0.700,0.7020,0.284
42063,1.000,0.700,0.6984,-0.265
42073,1.000,0.700,0.7002,0.278
42083,1.000,0.700,0.7006,0.279
42093,1.000,0.700,0.6995,-0.261
42103,1.000,0.700,0.7017,0.283
42113,1.000,0.700,0.6940,-0.280
42123,-1.000,-0.700,0.7046,5.193
42133,-1.000,-0.700,0.6871,5.132
42143,-1.000,-0.700,0.6401,4.967
42153,-1.000,-0.700,0.5825,4.766
42163,-1.000,-0.700,0.5132,4.523
42173,-1.000,-0.700,0.4367,4.255
42183,-1.000,-0.700,0.3645,4.003
42193,-1.000,-0.700,0.2894,3.740
42203,-1.000,-0.700,0.2012,3.431
42213,-1.000,-0.700,0.1629,3.297
42223,-1.000,-0.700,0.1013,3.082
42233,-1.000,-0.700,0.0342,2.847
42243,-1.000,-0.700,-0.0168,2.668
42253,-1.000,-0.700,-0.0664,2.495
42263,-1.000,-0.700,-0.1240,2.293
42273,-1.000,-0.700,-0.1626,2.158
42283,-1.000,-0.700,-0.2071,2.002
42293,-1.000,-0.700,-0.2399,1.887
42303,-1.000,-0.700,-0.2767,1.759
42313,-1.000,-0.700,-0.3066,1.654
42323,-1.000,-0.700,-0.3383,1.543
42333,-1.000,-0.700,-0.3704,1.431
42343,-1.000,-0.700,-0.3952,1.344
42353,-1.000,-0.700,-0.4214,1.252
42363,-1.000,-0.700,-0.4407,1.184
42373,-1.000,-0.700,-0.4659,1.096
42383,-1.000,-0.700,-0.4838,1.034
42393,-1.000,-0.700,-0.5009,0.974
42403,-1.000,-0.700,-0.5191,0.910
42413,-1.000,-0.700,-0.5366,0.849
42423,-1.000,-0.700,-0.5512,0.798
42433,-1.000,-0.700,-0.5632,0.756
42443,-1.000,-0.700,-0.5687,0.737
42453,-1.000,-0.700,-0.5920,0.655
42463,-1.000,-0.700,-0.6008,0.624
42473,-1.000,-0.700,-0.6110,0.589
42483,-1.000,-0.700,-0.6190,0.561
42493,-1.000,-0.700,-0.6241,0.543
42503,-1.000,-0.700,-0.6358,0.502
42513,-1.000,-0.700,-0.6430,0.476
42523,-1.000,-0.700,-0.6496,0.453
42533,-1.000,-0.700,-0.6591,0.420
42543,-1.000,-0.700,-0.6591,0.420
42553,-1.000,-0.700,-0.6700,0.382
42563,-1.000,-0.700,-0.6751,0.364
42573,-1.000,-0.700,-0.6795,0.349
42583,-1.000,-0.700,-0.6846,0.331
42593,-1.000,-0.700,-0.6875,0.321
42603,-1.000,-0.700,-0.6934,0.300
42613,-1.000,-0.700,-0.6963,0.290
42623,-1.000,-0.700,-0.6999,0.277
42633,-1.000,-0.700,-0.6974,0.286
42643,-1.000,-0.700,-0.7032,-0.270
42653,-1.000,-0.700,-0.7003,-0.260
42663,-1.000,-0.700,-0.7003,-0.260
42673,-1.000,-0.700,-0.6999,0.277
42683,-1.000,-0.700,-0.6992,0.280
42693,-1.000,-0.700,-0.6999,0.277
42703,-1.000,-0.700,-0.6999,0.277
42713,-1.000,-0.700,-0.6999,0.277
42723,-1.000,-0.700,-0.7003,-0.260
42733,-1.000,-0.700,-0.7014,-0.264
42743,-1.000,-0.700,-0.6999,0.277
42753,-1.000,-0.700,-0.7021,-0.266
42763,-1.000,-0.700,-0.7032,-0.270
42773,-1.000,-0.700,-0.6985,0.282
42783,-1.000,-0.700,-0.6963,0.290
42793,-1.000,-0.700,-0.6992,0.280
42803,-1.000,-0.700,-0.6963,0.290
42813,-1.000,-0.700,-0.7021,-0.266
42823,-1.000,-0.700,-0.7014,-0.264
42833,-1.000,-0.700,-0.6886,0.317
42843,-1.000,-0.700,-0.7021,-0.266
42853,-1.000,-0.700,-0.6999,0.277
42863,-1.000,-0.700,-0.7003,-0.260
42873,-1.000,-0.700,-0.7032,-0.270
42883,-1.000,-0.700,-0.7021,-0.266
42893,-1.000,-0.700,-0.7021,-0.266
42903,-1.000,-0.700,-0.7021,-0.266
42913,-1.000,-0.700,-0.6999,0.277
42923,-1.000,-0.700,-0.7014,-0.264
42933,-1.000,-0.700,-0.7032,-0.270
42943,-1.000,-0.700,-0.7050,-0.277
42953,-1.000,-0.700,-0.6985,0.282
42963,-1.000,-0.700,-0.7014,-0.264
42973,-1.000,-0.700,-0.7021,-0.266
42983,-1.000,-0.700,-0.7003,-0.260
42993,-1.000,-0.700,-0.6985,0.282
43003,-1.000,-0.700,-0.7028,-0.269
43013,-1.000,-0.700,-0.7003,-0.260
43023,-1.000,-0.700,-0.7006,-0.261
43033,-1.000,-0.700,-0.7006,-0.261
43043,-1.000,-0.700,-0.6985,0.282
43053,-1.000,-0.700,-0.6970,0.288
43063,-1.000,-0.700,-0.7014,-0.264
43073,-1.000,-0.700,-0.7028,-0.269
43083,-1.000,-0.700,-0.6970,0.288
43093,-1.000,-0.700,-0.6999,0.277
43103,-1.000,-0.700,-0.7003,-0.260
43113,-1.000,-0.700,-0.6992,0.280
43123,-1.000,-0.700,-0.7014,-0.264
43133,-1.000,-0.700,-0.7032,-0.270
43143,-1.000,-0.700,-0.6999,0.277
43153,-1.000,-0.700,-0.7014,-0.264
43163,-1.000,-0.700,-0.6999,0.277
43173,-1.000,-0.700,-0.7014,-0.264
43183,-1.000,-0.700,-0.7021,-0.266
43193,-1.000,-0.700,-0.6992,0.280
43203,-1.000,-0.700,-0.6992,0.280
43213,-1.000,-0.700,-0.6999,0.277
43223,-1.000,-0.700,-0.6999,0.277
43233,-1.000,-0.700,-0.6992,0.280
43243,-1.000,-0.700,-0.6999,0.277
43253,-1.000,-0.700,-0.7021,-0.266
# stop, samples beyond the D/A range: 0
43263,-1.000,-0.700,-0.7021,0.000
43273,-1.000,-0.700,-0.6999,0.000
43283,-1.000,-0.700,-0.7028,0.000
43293,-1.000,-0.700,-0.6999,0.000
43303,-1.000,-0.700,-0.7050,0.000
43313,-1.000,-0.700,-0.7036,0.000
43323,-1.000,-0.700,-0.7014,0.000
43333,-1.000,-0.700,-0.6999,0.000
43343,-1.000,-0.700,-0.6985,0.000
43353,-1.000,-0.700,-0.6963,0.000
43363,-1.000,-0.700,-0.6992,0.000
43373,-1.000,-0.700,-0.6985,0.000
43383,-1.000,-0.700,-0.6999,0.000
43393,-1.000,-0.700,-0.7014,0.000
43403,-1.000,-0.700,-0.7003,0.000
43413,-1.000,-0.700,-0.7021,0.000
43423,-1.000,-0.700,-0.6970,0.000
43433,-1.000,-0.700,-0.7043,0.000
43443,-1.000,-0.700,-0.6999,0.000
43453,-1.000,-0.700,-0.6999,0.000
43463,-1.000,-0.700,-0.7028,0.000
43473,-1.000,-0.700,-0.6992,0.000
43483,-1.000,-0.700,-0.6999,0.000
43493,-1.000,-0.700,-0.7003,0.000
43503,-1.000,-0.700,-0.6944,0.000
43513,-1.000,-0.700,-0.7087,0.000
43523,-1.000,-0.700,-0.7006,0.000
43533,-1.000,-0.700,-0.6915,0.000
43543,-1.000,-0.700,-0.7014,0.000
43553,-1.000,-0.700,-0.6999,0.000
43563,-1.000,-0.700,-0.6999,0.000
43573,-1.000,-0.700,-0.7003,0.000
43583,-1.000,-0.700,-0.7014,0.000
43593,-1.000,-0.700,-0.6988,0.000
43603,-1.000,-0.700,-0.6985,0.000
43613,-1.000,-0.700,-0.6999,0.000
43623,-1.000,-0.700,-0.7006,0.000
43633,-1.000,-0.700,-0.7032,0.000
43643,-1.000,-0.700,-0.6999,0.000
43653,-1.000,-0.700,-0.7079,0.000
43663,-1.000,-0.700,-0.7138,0.000
43673,-1.000,-0.700,-0.7061,0.000
43683,-1.000,-0.700,-0.7072,0.000
43693,-1.000,-0.700,-0.7036,0.000
43703,-1.000,-0.700,-0.6912,0.000
43713,-1.000,-0.700,-0.6970,0.000
43723,-1.000,-0.700,-0.7021,0.000
43733,-1.000,-0.700,-0.7028,0.000
43743,-1.000,-0.700,-0.6999,0.000
43753,-1.000,-0.700,-0.7036,0.000
43763,-1.000,-0.700,-0.7014,0.000
43773,-1.000,-0.700,-0.6974,0.000
43783,-1.000,-0.700,-0.7021,0.000
43793,-1.000,-0.700,-0.6999,0.000
43803,-1.000,-0.700,-0.6977,0.000
43813,-1.000,-0.700,-0.6992,0.000
43823,-1.000,-0.700,-0.7014,0.000
43833,-1.000,-0.700,-0.7003,0.000
43843,-1.000,-0.700,-0.6970,0.000
43853,-1.000,-0.700,-0.6999,0.000
43863,-1.000,-0.700,-0.6955,0.000
43873,-1.000,-0.700,-0.6999,0.000
43883,-1.000,-0.700,-0.7003,0.000
43893,-1.000,-0.700,-0.6970,0.000
43903,-1.000,-0.700,-0.6999,0.000
43913,-1.000,-0.700,-0.6999,0.000
43923,-1.000,-0.700,-0.6992,0.000
43933,-1.000,-0.700,-0.7014,0.000
43943,-1.000,-0.700,-0.6999,0.000
43953,-1.000,-0.700,-0.6999,0.000
43963,-1.000,-0.700,-0.6999,0.000
43973,-1.000,-0.700,-0.6992,0.000
43983,-1.000,-0.700,-0.6999,0.000
43993,-1.000,-0.700,-0.6999,0.000
44003,-1.000,-0.700,-0.7032,0.000
44013,-1.000,-0.700,-0.7108,0.000
44023,-1.000,-0.700,-0.6999,0.000
44033,-1.000,-0.700,-0.7003,0.000
44043,-1.000,-0.700,-0.6999,0.000
44053,-1.000,-0.700,-0.7021,0.000
44063,-1.000,-0.700,-0.7021,0.000
44073,-1.000,-0.700,-0.7006,0.000
44083,-1.000,-0.700,-0.6977,0.000
44093,-1.000,-0.700,-0.7028,0.000
44103,-1.000,-0.700,-0.6992,0.000
44113,-1.000,-0.700,-0.7006,0.000
44123,-1.000,-0.700,-0.6999,0.000
44133,-1.000,-0.700,-0.7036,0.000
44143,-1.000,-0.700,-0.7028,0.000
44153,-1.000,-0.700,-0.7006,0.000
44163,-1.000,-0.700,-0.7021,0.000
44173,-1.000,-0.700,-0.6992,0.000
44183,-1.000,-0.700,-0.7006,0.000
44193,-1.000,-0.700,-0.7014,0.000
44203,-1.000,-0.700,-0.7116,0.000
44213,-1.000,-0.700,-0.7006,0.000
44223,-1.000,-0.700,-0.7028,0.000
44233,-1.000,-0.700,-0.7050,0.000
44243,-1.000,-0.700,-0.6992,0.000
44253,-1.000,-0.700,-0.6999,0.000
44263,-1.000,-0.700,-0.6977,0.000
44273,-1.000,-0.700,-0.7101,0.000
44283,-1.000,-0.700,-0.7021,0.000
44293,-1.000,-0.700,-0.7014,0.000
44303,-1.000,-0.700,-0.6999,0.000
44313,-1.000,-0.700,-0.7021,0.000
44323,-1.000,-0.700,-0.6999,0.000
44333,-1.000,-0.700,-0.7021,0.000
44343,-1.000,-0.700,-0.7006,0.000
44353,-1.000,-0.700,-0.6999,0.000
44363,-1.000,-0.700,-0.6963,0.000
44373,-1.000,-0.700,-0.6999,0.000
44383,-1.000,-0.700,-0.6999,0.000
44393,-1.000,-0.700,-0.6970,0.000
44403,-1.000,-0.700,-0.7014,0.000
44413,-1.000,-0.700,-0.6985,0.000
44423,-1.000,-0.700,-0.7028,0.000
44433,-1.000,-0.700,-0.6992,0.000
44443,-1.000,-0.700,-0.6999,0.000
44453,-1.000,-0.700,-0.6992,0.000
44463,-1.000,-0.700,-0.6999,0.000
44473,-1.000,-0.700,-0.7014,0.000
44483,-1.000,-0.700,-0.7014,0.000
44493,-1.000,-0.700,-0.6992,0.000
44503,-1.000,-0.700,-0.7014,0.000
44513,-1.000,-0.700,-0.7028,0.000
44523,-1.000,-0.700,-0.7043,0.000
44533,-1.000,-0.700,-0.7014,0.000
44543,-1.000,-0.700,-0.7057,0.000
44553,-1.000,-0.700,-0.6985,0.000
44563,-1.000,-0.700,-0.6999,0.000
44573,-1.000,-0.700,-0.7014,0.000
44583,-1.000,-0.700,-0.6897,0.000
44593,-1.000,-0.700,-0.6999,0.000
44603,-1.000,-0.700,-0.7167,0.000
44613,-1.000,-0.700,-0.6941,0.000
44623,-1.000,-0.700,-0.6857,0.000
44633,-1.000,-0.700,-0.6999,0.000
44643,-1.000,-0.700,-0.7050,0.000
44653,-1.000,-0.700,-0.7021,0.000
44663,-1.000,-0.700,-0.6970,0.000
44673,-1.000,-0.700,-0.6970,0.000
44683,-1.000,-0.700,-0.6999,0.000
44693,-1.000,-0.700,-0.7021,0.000
44703,-1.000,-0.700,-0.6992,0.000
44713,-1.000,-0.700,-0.7021,0.000
44723,-1.000,-0.700,-0.7014,0.000
44733,-1.000,-0.700,-0.7028,0.000
44743,-1.000,-0.700,-0.7006,0.000
44753,-1.000,-0.700,-0.7021,0.000
44763,-1.000,-0.700,-0.7028,0.000
44773,-1.000,-0.700,-0.6999,0.000
44783,-1.000,-0.700,-0.7006,0.000
44793,-1.000,-0.700,-0.7006,0.000
44803,-1.000,-0.700,-0.6934,0.000
44813,-1.000,-0.700,-0.7057,0.000
44823,-1.000,-0.700,-0.7028,0.000
44833,-1.000,-0.700,-0.6999,0.000
44843,-1.000,-0.700,-0.6974,0.000
44853,-1.000,-0.700,-0.7003,0.000
44863,-1.000,-0.700,-0.7021,0.000
44873,-1.000,-0.700,-0.6992,0.000
44883,-1.000,-0.700,-0.7014,0.000
44893,-1.000,-0.700,-0.6992,0.000
44903,-1.000,-0.700,-0.7028,0.000
44913,-1.000,-0.700,-0.6992,0.000
44923,-1.000,-0.700,-0.6992,0.000
44933,-1.000,-0.700,-0.6992,0.000
44943,-1.000,-0.700,-0.6992,0.000
44953,-1.000,-0.700,-0.6981,0.000
44963,-1.000,-0.700,-0.6974,0.000
44973,-1.000,-0.700,-0.7021,0.000
44983,-1.000,-0.700,-0.6999,0.000
44993,-1.000,-0.700,-0.6999,0.000
45003,-1.000,-0.700,-0.7050,0.000
45013,-1.000,-0.700,-0.7021,0.000
45023,-1.000,-0.700,-0.6970,0.000
45033,-1.000,-0.700,-0.7014,0.000
45043,-1.000,-0.700,-0.7003,0.000
45053,-1.000,-0.700,-0.6977,0.000
45063,-1.000,-0.700,-0.7014,0.000
45073,-1.000,-0.700,-0.6977,0.000
45083,-1.000,-0.700,-0.6985,0.000
45093,-1.000,-0.700,-0.6999,0.000
45103,-1.000,-0.700,-0.6992,0.000
45113,-1.000,-0.700,-0.7108,0.000
45123,-1.000,-0.700,-0.6999,0.000
45133,-1.000,-0.700,-0.6985,0.000
45143,-1.000,-0.700,-0.7003,0.000
45153,-1.000,-0.700,-0.6999,0.000
45163,-1.000,-0.700,-0.7003,0.000
45173,-1.000,-0.700,-0.6974,0.000
45183,-1.000,-0.700,-0.7032,0.000
45193,-1.000,-0.700,-0.6985,0.000
45203,-1.000,-0.700,-0.6992,0.000
45213,-1.000,-0.700,-0.7174,0.000
45223,-1.000,-0.700,-0.6999,0.000
45233,-1.000,-0.700,-0.6992,0.000
45243,-1.000,-0.700,-0.7061,0.000
45253,-1.000,-0.700,-0.7032,0.000
45263,-1.000,-0.700,-0.6992,0.000
45273,-1.000,-0.700,-0.6970,0.000
45283,-1.000,-0.700,-0.6999,0.000
45293,-1.000,-0.700,-0.6992,0.000
45303,-1.000,-0.700,-0.6999,0.000
45313,-1.000,-0.700,-0.6992,0.000
45323,-1.000,-0.700,-0.6999,0.000
45333,-1.000,-0.700,-0.6999,0.000
45343,-1.000,-0.700,-0.7003,0.000
45353,-1.000,-0.700,-0.7006,0.000
45363,-1.000,-0.700,-0.6992,0.000
45373,-1.000,-0.700,-0.6992,0.000
45383,-1.000,-0.700,-0.6963,0.000
45393,-1.000,-0.700,-0.6999,0.000
45403,-1.000,-0.700,-0.6974,0.000
45413,-1.000,-0.700,-0.6992,0.000
45423,-1.000,-0.700,-0.7025,0.000
45433,-1.000,-0.700,-0.6992,0.000
45443,-1.000,-0.700,-0.7021,0.000
45453,-1.000,-0.700,-0.6941,0.000
45463,-1.000,-0.700,-0.6992,0.000
45473,-1.000,-0.700,-0.6955,0.000
45483,-1.000,-0.700,-0.6999,0.000
45493,-1.000,-0.700,-0.7014,0.000
45503,-1.000,-0.700,-0.6999,0.000
45513,-1.000,-0.700,-0.6963,0.000
45523,-1.000,-0.700,-0.6999,0.000
45533,-1.000,-0.700,-0.6999,0.000
45543,-1.000,-0.700,-0.7021,0.000
45553,-1.000,-0.700,-0.6974,0.000
45563,-1.000,-0.700,-0.6992,0.000
45573,-1.000,-0.700,-0.6897,0.000
45583,-1.000,-0.700,-0.6999,0.000
45593,-1.000,-0.700,-0.7014,0.000
45603,-1.000,-0.700,-0.6999,0.000
45613,-1.000,-0.700,-0.7003,0.000
45623,-1.000,-0.700,-0.6999,0.000
45633,-1.000,-0.700,-0.6992,0.000
45643,-1.000,-0.700,-0.7003,0.000
45653,-1.000,-0.700,-0.6963,0.000
45663,-1.000,-0.700,-0.6970,0.000
45673,-1.000,-0.700,-0.7079,0.000
45683,-1.000,-0.700,-0.7006,0.000
45693,-1.000,-0.700,-0.6999,0.000
45703,-1.000,-0.700,-0.6999,0.000
45713,-1.000,-0.700,-0.6999,0.000
45723,-1.000,-0.700,-0.6974,0.000
45733,-1.000,-0.700,-0.7003,0.000
45743,-1.000,-0.700,-0.6999,0.000
45753,-1.000,-0.700,-0.6963,0.000
45763,-1.000,-0.700,-0.6999,0.000
45773,-1.000,-0.700,-0.7021,0.000
45783,-1.000,-0.700,-0.7003,0.000
45793,-1.000,-0.700,-0.7003,0.000
45803,-1.000,-0.700,-0.6999,0.000
45813,-1.000,-0.700,-0.7006,0.000
45823,-1.000,-0.700,-0.7003,0.000
45833,-1.000,-0.700,-0.6992,0.000
45843,-1.000,-0.700,-0.6999,0.000
45853,-1.000,-0.700,-0.6970,0.000
45863,-1.000,-0.700,-0.6999,0.000
45873,-1.000,-0.700,-0.7028,0.000
45883,-1.000,-0.700,-0.6999,0.000
45893,-1.000,-0.700,-0.7006,0.000
45903,-1.000,-0.700,-0.6992,0.000
45913,-1.000,-0.700,-0.7021,0.000
45923,-1.000,-0.700,-0.7014,0.000
45933,-1.000,-0.700,-0.7014,0.000
45943,-1.000,-0.700,-0.6999,0.000
45953,-1.000,-0.700,-0.7050,0.000
45963,-1.000,-0.700,-0.6999,0.000
45973,-1.000,-0.700,-0.7014,0.000
45983,-1.000,-0.700,-0.7021,0.000
45993,-1.000,-0.700,-0.6992,0.000
46003,-1.000,-0.700,-0.6999,0.000
46013,-1.000,-0.700,-0.7014,0.000
46023,-1.000,-0.700,-0.6992,0.000
46033,-1.000,-0.700,-0.6992,0.000
46043,-1.000,-0.700,-0.7021,0.000
46053,-1.000,-0.700,-0.6992,0.000
46063,-1.000,-0.700,-0.6999,0.000
46073,-1.000,-0.700,-0.6999,0.000
46083,-1.000,-0.700,-0.6974,0.000
46093,-1.000,-0.700,-0.7050,0.000
46103,-1.000,-0.700,-0.6999,0.000
46113,-1.000,-0.700,-0.7014,0.000
46123,-1.000,-0.700,-0.7050,0.000
46133,-1.000,-0.700,-0.6999,0.000
46143,-1.000,-0.700,-0.7014,0.000
46153,-1.000,-0.700,-0.7021,0.000
46163,-1.000,-0.700,-0.6999,0.000
46173,-1.000,-0.700,-0.6999,0.000
46183,-1.000,-0.700,-0.6992,0.000
46193,-1.000,-0.700,-0.7014,0.000
46203,-1.000,-0.700,-0.6992,0.000
46213,-1.000,-0.700,-0.6992,0.000
46223,-1.000,-0.700,-0.7014,0.000
46233,-1.000,-0.700,-0.6970,0.000
46243,-1.000,-0.700,-0.7014,0.000
46253,-1.000,-0.700,-0.7014,0.000
46263,-1.000,-0.700,-0.7014,0.000
46273,-1.000,-0.700,-0.6999,0.000
46283,-1.000,-0.700,-0.6999,0.000
46293,-1.000,-0.700,-0.6981,0.000
46303,-1.000,-0.700,-0.6992,0.000
46313,-1.000,-0.700,-0.7021,0.000
46323,-1.000,-0.700,-0.6985,0.000
46333,-1.000,-0.700,-0.6999,0.000
46343,-1.000,-0.700,-0.6974,0.000
46353,-1.000,-0.700,-0.6992,0.000
46363,-1.000,-0.700,-0.7003,0.000
46373,-1.000,-0.700,-0.6985,0.000
46383,-1.000,-0.700,-0.7050,0.000
46393,-1.000,-0.700,-0.6999,0.000
46403,-1.000,-0.700,-0.6999,0.000
46413,-1.000,-0.700,-0.6999,0.000
46423,-1.000,-0.700,-0.7057,0.000
46433,-1.000,-0.700,-0.6999,0.000
46443,-1.000,-0.700,-0.6999,0.000
46453,-1.000,-0.700,-0.6999,0.000
46463,-1.000,-0.700,-0.6955,0.000
46473,-1.000,-0.700,-0.7006,0.000
46483,-1.000,-0.700,-0.7014,0.000
46493,-1.000,-0.700,-0.6999,0.000
46503,-1.000,-0.700,-0.7014,0.000
46513,-1.000,-0.700,-0.6999,0.000
46523,-1.000,-0.700,-0.7006,0.000
46533,-1.000,-0.700,-0.7043,0.000
46543,-1.000,-0.700,-0.7003,0.000
46553,-1.000,-0.700,-0.6970,0.000
46563,-1.000,-0.700,-0.7028,0.000
46573,-1.000,-0.700,-0.6992,0.000
46583,-1.000,-0.700,-0.6999,0.000
46593,-1.000,-0.700,-0.6995,0.000
46603,-1.000,-0.700,-0.7003,0.000
46613,-1.000,-0.700,-0.6985,0.000
46623,-1.000,-0.700,-0.7028,0.000
46633,-1.000,-0.700,-0.7021,0.000
46643,-1.000,-0.700,-0.7003,0.000
46653,-1.000,-0.700,-0.6992,0.000
46663,-1.000,-0.700,-0.6999,0.000
46673,-1.000,-0.700,-0.6999,0.000
46683,-1.000,-0.700,-0.7003,0.000
46693,-1.000,-0.700,-0.7028,0.000
46703,-1.000,-0.700,-0.6992,0.000
46713,-1.000,-0.700,-0.6999,0.000
46723,-1.000,-0.700,-0.6985,0.000
46733,-1.000,-0.700,-0.6985,0.000
46743,-1.000,-0.700,-0.6992,0.000
46753,-1.000,-0.700,-0.7025,0.000
46763,-1.000,-0.700,-0.6999,0.000
46773,-1.000,-0.700,-0.6999,0.000
46783,-1.000,-0.700,-0.6974,0.000
46793,-1.000,-0.700,-0.6992,0.000
46803,-1.000,-0.700,-0.7145,0.000
46813,-1.000,-0.700,-0.6992,0.000
46823,-1.000,-0.700,-0.7006,0.000
46833,-1.000,-0.700,-0.6999,0.000
46843,-1.000,-0.700,-0.7028,0.000
46853,-1.000,-0.700,-0.7079,0.000
46863,-1.000,-0.700,-0.6944,0.000
46873,-1.000,-0.700,-0.6985,0.000
46883,-1.000,-0.700,-0.6992,0.000
46893,-1.000,-0.700,-0.6999,0.000
46903,-1.000,-0.700,-0.7003,0.000
46913,-1.000,-0.700,-0.6999,0.000
46923,-1.000,-0.700,-0.6999,0.000
46933,-1.000,-0.700,-0.6992,0.000
46943,-1.000,-0.700,-0.7014,0.000
46953,-1.000,-0.700,-0.7006,0.000
46963,-1.000,-0.700,-0.6985,0.000
46973,-1.000,-0.700,-0.7028,0.000
46983,-1.000,-0.700,-0.6970,0.000
46993,-1.000,-0.700,-0.7072,0.000
47003,-1.000,-0.700,-0.7003,0.000
47013,-1.000,-0.700,-0.6977,0.000
47023,-1.000,-0.700,-0.6963,0.000
47033,-1.000,-0.700,-0.6974,0.000
47043,-1.000,-0.700,-0.6999,0.000
47053,-1.000,-0.700,-0.6999,0.000
47063,-1.000,-0.700,-0.7006,0.000
47073,-1.000,-0.700,-0.6974,0.000
47083,-1.000,-0.700,-0.6992,0.000
47093,-1.000,-0.700,-0.6999,0.000
47103,-1.000,-0.700,-0.7003,0.000
47113,-1.000,-0.700,-0.6970,0.000
47123,-1.000,-0.700,-0.6970,0.000
47133,-1.000,-0.700,-0.6992,0.000
47143,-1.000,-0.700,-0.7003,0.000
47153,-1.000,-0.700,-0.7006,0.000
47163,-1.000,-0.700,-0.6992,0.000
47173,-1.000,-0.700,-0.7003,0.000
47183,-1.000,-0.700,-0.7006,0.000
47193,-1.000,-0.700,-0.7028,0.000
47203,-1.000,-0.700,-0.6985,0.000
47213,-1.000,-0.700,-0.7014,0.000
47223,-1.000,-0.700,-0.7050,0.000
47233,-1.000,-0.700,-0.7014,0.000
47243,-1.000,-0.700,-0.6999,0.000
47253,-1.000,-0.700,-0.6992,0.000
47263,-1.000,-0.700,-0.7010,0.000
47273,-1.000,-0.700,-0.6999,0.000
47283,-1.000,-0.700,-0.6992,0.000
47293,-1.000,-0.700,-0.6999,0.000
47303,-1.000,-0.700,-0.6999,0.000
47313,-1.000,-0.700,-0.6999,0.000
47323,-1.000,-0.700,-0.6999,0.000
47333,-1.000,-0.700,-0.6999,0.000
47343,-1.000,-0.700,-0.6999,0.000
47353,-1.000,-0.700,-0.6977,0.000
47363,-1.000,-0.700,-0.7087,0.000
47373,-1.000,-0.700,-0.7043,0.000
47383,-1.000,-0.700,-0.7014,0.000
47393,-1.000,-0.700,-0.6999,0.000
47403,-1.000,-0.700,-0.7014,0.000
47413,-1.000,-0.700,-0.7014,0.000
47423,-1.000,-0.700,-0.6988,0.000
47433,-1.000,-0.700,-0.6999,0.000
47443,-1.000,-0.700,-0.7006,0.000
47453,-1.000,-0.700,-0.6999,0.000
47463,-1.000,-0.700,-0.6999,0.000
47473,-1.000,-0.700,-0.7006,0.000
47483,-1.000,-0.700,-0.6992,0.000
47493,-1.000,-0.700,-0.7003,0.000
47503,-1.000,-0.700,-0.7028,0.000
47513,-1.000,-0.700,-0.6992,0.000
47523,-1.000,-0.700,-0.7028,0.000
47533,-1.000,-0.700,-0.7003,0.000
47543,-1.000,-0.700,-0.6988,0.000
47553,-1.000,-0.700,-0.6992,0.000
47563,-1.000,-0.700,-0.6999,0.000
47573,-1.000,-0.700,-0.7021,0.000
47583,-1.000,-0.700,-0.7050,0.000
47593,-1.000,-0.700,-0.6963,0.000
47603,-1.000,-0.700,-0.6999,0.000
47613,-1.000,-0.700,-0.6977,0.000
47623,-1.000,-0.700,-0.6985,0.000
47633,-1.000,-0.700,-0.6985,0.000
47643,-1.000,-0.700,-0.7021,0.000
47653,-1.000,-0.700,-0.6970,0.000
47663,-1.000,-0.700,-0.6926,0.000
47673,-1.000,-0.700,-0.6992,0.000
47683,-1.000,-0.700,-0.6985,0.000
47693,-1.000,-0.700,-0.6999,0.000
47703,-1.000,-0.700,-0.6992,0.000
47713,-1.000,-0.700,-0.6999,0.000
47723,-1.000,-0.700,-0.7014,0.000
47733,-1.000,-0.700,-0.6963,0.000
47743,-1.000,-0.700,-0.6999,0.000
47753,-1.000,-0.700,-0.6992,0.000
